domain units: Hz
measurement data type: Positive<double>
segment length (sec): 4
sampling rate (Hz): 2048
domain bounds (Hz): [0, 1024.25)
support bounds (Hz): [22, 1024)support indexes: [88, 4096)
---------------
domainValue measuredValue
0 1
0.25 1
0.5 1
0.75 1
1 1
1.25 1
1.5 1
1.75 1
2 1
2.25 1
2.5 1
2.75 1
3 1
3.25 1
3.5 1
3.75 1
4 1
4.25 1
4.5 1
4.75 1
5 1
5.25 1
5.5 1
5.75 1
6 1
6.25 1
6.5 1
6.75 1
7 1
7.25 1
7.5 1
7.75 1
8 1
8.25 1
8.5 1
8.75 1
9 1
9.25 1
9.5 1
9.75 1
10 1
10.25 1
10.5 1
10.75 1
11 1
11.25 1
11.5 1
11.75 1
12 1
12.25 1
12.5 1
12.75 1
13 1
13.25 1
13.5 1
13.75 1
14 1
14.25 1
14.5 1
14.75 1
15 1
15.25 1
15.5 1
15.75 1
16 1
16.25 1
16.5 1
16.75 1
17 1
17.25 1
17.5 1
17.75 1
18 1
18.25 1
18.5 1
18.75 1
19 1
19.25 1
19.5 1
19.75 1
20 1
20.25 1
20.5 1
20.75 1
21 1
21.25 1
21.5 1
21.75 1
22 4.121096875e-44
22.25 3.702059375e-44
22.5 3.32880625e-44
22.75 2.993571875e-44
23 2.6950875e-44
23.25 2.42790625e-44
23.5 2.190365625e-44
23.75 1.978571875e-44
24 1.790217625e-44
24.25 1.621204375e-44
24.5 1.466854375e-44
24.75 1.326616375e-44
25 1.202534375e-44
25.25 1.090781125e-44
25.5 9.90689875e-45
25.75 9.00318125e-45
26 8.18838125e-45
26.25 7.4533375e-45
26.5 6.79494375e-45
26.75 6.204340625e-45
27 5.673718750000001e-45
27.25 5.1960125e-45
27.5 4.765840625e-45
27.75 4.379878125e-45
28 4.029571875e-45
28.25 3.713215625e-45
28.5 3.425996875e-45
28.75 3.165684375e-45
29 2.9292375e-45
29.25 2.714796875e-45
29.5 2.520021875e-45
29.75 2.343359375e-45
30 2.182805625e-45
30.25 2.03641375e-45
30.5 1.90299375e-45
30.75 1.77996e-45
31 1.66819625e-45
31.25 1.56516675e-45
31.5 1.471511125e-45
31.75 1.386735e-45
32 1.309671125e-45
32.25 1.2418875e-45
32.5 1.22860325e-45
32.75 1.214241875e-45
33 1.242887625e-45
33.25 1.38748925e-45
33.5 1.979576375e-45
33.75 3.799096875e-45
34 1.084864375e-44
34.25 4.78095625e-44
34.5 3.898015625e-43
34.75 3.57144375e-42
35 1.839812625e-43
35.25 1.702255625e-42
35.5 1.702047375e-43
35.75 3.308746875e-44
36 1.358067375e-44
36.25 5.555637499999999e-45
36.5 2.729103125e-45
36.75 1.5824725e-45
37 1.058038625e-45
37.25 8.0087e-46
37.5 6.625215625e-46
37.75 5.8550625e-46
38 5.373396875e-46
38.25 4.76748125e-46
38.5 4.649728125e-46
38.75 4.539434375e-46
39 4.435878125e-46
39.25 4.3407875e-46
39.5 4.24834375e-46
39.75 4.1628125e-46
40 4.081503125e-46
40.25 4.004765625e-46
40.5 3.931790625e-46
40.75 3.864196875e-46
41 3.80060625e-46
41.25 3.73996875e-46
41.5 3.683378125e-46
41.75 3.630003125e-46
42 3.580784375e-46
42.25 3.533971875e-46
42.5 3.49024375e-46
42.75 3.449271875e-46
43 3.41009375e-46
43.25 3.372621875e-46
43.5 3.33668125e-46
43.75 3.304e-46
44 3.27254375e-46
44.25 3.2433625e-46
44.5 3.215209375e-46
44.75 3.188871875e-46
45 3.163125e-46
45.25 3.13919375e-46
45.5 3.115853125e-46
45.75 3.09264375e-46
46 3.069084375e-46
46.25 3.0464875e-46
46.5 3.024678125e-46
46.75 3.003678125e-46
47 2.9827875e-46
47.25 2.962159375e-46
47.5 2.942275e-46
47.75 2.92420625e-46
48 2.903425e-46
48.25 2.8847e-46
48.5 2.86531875e-46
48.75 2.8471625e-46
49 2.8287e-46
49.25 2.811134375e-46
49.5 2.792365625e-46
49.75 2.7741875e-46
50 2.756359375e-46
50.25 2.73818125e-46
50.5 2.720221875e-46
50.75 2.701978125e-46
51 2.68415e-46
51.25 2.666059375e-46
51.5 2.64858125e-46
51.75 2.631321875e-46
52 2.613646875e-46
52.25 2.59634375e-46
52.5 2.57901875e-46
52.75 2.56221875e-46
53 2.54550625e-46
53.25 2.529296875e-46
53.5 2.512846875e-46
53.75 2.496725e-46
54 2.480296875e-46
54.25 2.464153125e-46
54.5 2.448184375e-46
54.75 2.432346875e-46
55 2.417209375e-46
55.25 2.403121875e-46
55.5 2.388553125e-46
55.75 2.37461875e-46
56 2.36114375e-46
56.25 2.348740625e-46
56.5 2.33673125e-46
56.75 2.326953125e-46
57 2.319778125e-46
57.25 2.317175e-46
57.5 2.321353125e-46
57.75 2.337890625e-46
58 2.380896875e-46
58.25 2.480975e-46
58.5 2.661946875e-46
58.75 2.97749375e-46
59 3.394671875e-46
59.25 4.389896875e-46
59.5 7.318215625000001e-46
59.75 2.25990625e-45
60 3.36494375e-43
60.25 2.118214875e-45
60.5 7.002690624999999e-46
60.75 4.2657125e-46
61 3.2542125e-46
61.25 2.812775e-46
61.5 2.4831625e-46
61.75 2.29298125e-46
62 2.172375625e-46
62.25 2.10308875e-46
62.5 2.06146675e-46
62.75 2.030450625e-46
63 2.0070225e-46
63.25 1.98798425e-46
63.5 1.973575625e-46
63.75 1.959293875e-46
64 1.946580125e-46
64.25 1.935605e-46
64.5 1.93006625e-46
64.75 1.923754875e-46
65 1.9171495e-46
65.25 1.913732625e-46
65.5 1.91128175e-46
65.75 1.911538125e-46
66 1.91386125e-46
66.25 1.920036125e-46
66.5 1.932310625e-46
66.75 1.951593875e-46
67 1.980897625e-46
67.25 2.01923575e-46
67.5 2.077079375e-46
67.75 2.16059375e-46
68 2.266096875e-46
68.25 2.425696875e-46
68.5 2.68751875e-46
68.75 3.051671875e-46
69 3.4638625e-46
69.25 3.852646875e-46
69.5 4.113484375e-46
69.75 4.240490624999999e-46
70 4.311934375000001e-46
70.25 4.31711875e-46
70.5 4.242896875e-46
70.75 4.106528124999999e-46
71 3.88408125e-46
71.25 3.613225e-46
71.5 3.313121875e-46
71.75 2.889096875e-46
72 2.517571875e-46
72.25 2.238228125e-46
72.5 2.05304575e-46
72.75 1.938656125e-46
73 1.854013875e-46
73.25 1.7864e-46
73.5 1.735234375e-46
73.75 1.693425125e-46
74 1.6579255e-46
74.25 1.62851325e-46
74.5 1.60398875e-46
74.75 1.580263125e-46
75 1.562255625e-46
75.25 1.54626325e-46
75.5 1.532076875e-46
75.75 1.517236875e-46
76 1.506575e-46
76.25 1.49469075e-46
76.5 1.48526e-46
76.75 1.47663075e-46
77 1.46913375e-46
77.25 1.46182575e-46
77.5 1.454705e-46
77.75 1.447560625e-46
78 1.44051425e-46
78.25 1.433578125e-46
78.5 1.4267225e-46
78.75 1.419894875e-46
79 1.413078625e-46
79.25 1.406426875e-46
79.5 1.399864375e-46
79.75 1.393275625e-46
80 1.38690825e-46
80.25 1.380693125e-46
80.5 1.374349375e-46
80.75 1.36810625e-46
81 1.3616575e-46
81.25 1.3554345e-46
81.5 1.349200125e-46
81.75 1.342963125e-46
82 1.336783875e-46
82.25 1.33084875e-46
82.5 1.32489875e-46
82.75 1.318842e-46
83 1.3128745e-46
83.25 1.3068055e-46
83.5 1.30088175e-46
83.75 1.295020125e-46
84 1.28895375e-46
84.25 1.283025625e-46
84.5 1.27724625e-46
84.75 1.271438e-46
85 1.26585375e-46
85.25 1.260249375e-46
85.5 1.254761375e-46
85.75 1.24933375e-46
86 1.24404e-46
86.25 1.238582625e-46
86.5 1.23323375e-46
86.75 1.227926875e-46
87 1.222687375e-46
87.25 1.2174855e-46
87.5 1.212273125e-46
87.75 1.2070975e-46
88 1.201965625e-46
88.25 1.196916875e-46
88.5 1.191833125e-46
88.75 1.18687625e-46
89 1.18192375e-46
89.25 1.17692575e-46
89.5 1.171988125e-46
89.75 1.16712575e-46
90 1.162363125e-46
90.25 1.157594375e-46
90.5 1.152906125e-46
90.75 1.148223125e-46
91 1.143478e-46
91.25 1.138755625e-46
91.5 1.134196875e-46
91.75 1.12959875e-46
92 1.124913125e-46
92.25 1.120391125e-46
92.5 1.115907625e-46
92.75 1.111508125e-46
93 1.107080625e-46
93.25 1.102661875e-46
93.5 1.0983105e-46
93.75 1.0939355e-46
94 1.0896025e-46
94.25 1.085329875e-46
94.5 1.081068625e-46
94.75 1.076908e-46
95 1.07272375e-46
95.25 1.068613875e-46
95.5 1.06457575e-46
95.75 1.0605175e-46
96 1.056475e-46
96.25 1.052461375e-46
96.5 1.0484355e-46
96.75 1.044483125e-46
97 1.040591125e-46
97.25 1.036704375e-46
97.5 1.032791375e-46
97.75 1.02888625e-46
98 1.025110625e-46
98.25 1.021218625e-46
98.5 1.017515625e-46
98.75 1.013858125e-46
99 1.01014375e-46
99.25 1.00646875e-46
99.5 1.002857625e-46
99.75 9.99291125e-47
100 9.956117500000001e-47
100.25 9.920793749999999e-47
100.5 9.8857675e-47
100.75 9.850881249999999e-47
101 9.816143749999999e-47
101.25 9.7814675e-47
101.5 9.746668750000001e-47
101.75 9.712736249999999e-47
102 9.678374999999999e-47
102.25 9.644617499999999e-47
102.5 9.61165625e-47
102.75 9.578555e-47
103 9.545287500000001e-47
103.25 9.51216875e-47
103.5 9.479601250000001e-47
103.75 9.44785625e-47
104 9.41581375e-47
104.25 9.38364875e-47
104.5 9.351999999999999e-47
104.75 9.3204825e-47
105 9.290732500000001e-47
105.25 9.258961249999999e-47
105.5 9.228887499999999e-47
105.75 9.198831250000001e-47
106 9.16908125e-47
106.25 9.13950625e-47
106.5 9.110412500000001e-47
106.75 9.08033875e-47
107 9.051000000000001e-47
107.25 9.02162625e-47
107.5 8.993136249999999e-47
107.75 8.9648125e-47
108 8.936095000000001e-47
108.25 8.907674999999999e-47
108.5 8.87943e-47
108.75 8.851386249999999e-47
109 8.82352625e-47
109.25 8.7962875e-47
109.5 8.769101249999999e-47
109.75 8.741971874999999e-47
110 8.71539375e-47
110.25 8.689559375e-47
110.5 8.663221875e-47
110.75 8.63699375e-47
111 8.611487499999999e-47
111.25 8.585390625000001e-47
111.5 8.559840625e-47
111.75 8.534837499999999e-47
112 8.510250000000001e-47
112.25 8.4851375e-47
112.5 8.4602e-47
112.75 8.435853125e-47
113 8.411396875000001e-47
113.25 8.3871375e-47
113.5 8.363009375000001e-47
113.75 8.339034375000001e-47
114 8.31499375e-47
114.25 8.2914125e-47
114.5 8.269056250000001e-47
114.75 8.247640624999999e-47
115 8.22145625e-47
115.25 8.198225e-47
115.5 8.175409375000001e-47
115.75 8.153053125e-47
116 8.131046875e-47
116.25 8.109106250000001e-47
116.5 8.087231250000001e-47
116.75 8.065684375e-47
117 8.044006250000001e-47
117.25 8.022415625e-47
117.5 8.000562500000001e-47
117.75 7.979518750000001e-47
118 7.95834375e-47
118.25 7.937256250000001e-47
118.5 7.915971875000001e-47
118.75 7.895059375e-47
119 7.874540624999999e-47
119.25 7.854371875e-47
119.5 7.834115625000001e-47
119.75 7.813859375e-47
120 7.793996875000001e-47
120.25 7.773806249999999e-47
120.5 7.753987499999999e-47
120.75 7.734125000000001e-47
121 7.71448125e-47
121.25 7.695209375e-47
121.5 7.675871874999999e-47
121.75 7.656818749999999e-47
122 7.637809375e-47
122.25 7.618909375e-47
122.5 7.600425e-47
122.75 7.581940625e-47
123 7.563390625e-47
123.25 7.54481875e-47
123.5 7.526553125e-47
123.75 7.50850625e-47
124 7.49083125e-47
124.25 7.473265625e-47
124.5 7.455459374999999e-47
124.75 7.4382875e-47
125 7.42100625e-47
125.25 7.404140625e-47
125.5 7.38661875e-47
125.75 7.369512499999999e-47
126 7.3527125e-47
126.25 7.3359125e-47
126.5 7.319221874999999e-47
126.75 7.30253125e-47
127 7.286584375e-47
127.25 7.270178125000001e-47
127.5 7.253903125e-47
127.75 7.238e-47
128 7.2219875e-47
128.25 7.205734375e-47
128.5 7.190115624999999e-47
128.75 7.174934375000001e-47
129 7.158921875e-47
129.25 7.1435e-47
129.5 7.128471875e-47
129.75 7.113378125000001e-47
130 7.09795625e-47
130.25 7.083081250000001e-47
130.5 7.067834375e-47
130.75 7.05324375e-47
131 7.038543750000001e-47
131.25 7.02428125e-47
131.5 7.01010625e-47
131.75 6.995953125e-47
132 6.981909375e-47
132.25 6.967865625e-47
132.5 6.953799999999999e-47
132.75 6.939865625e-47
133 6.926171875e-47
133.25 6.91263125e-47
133.5 6.899375000000001e-47
133.75 6.885921875e-47
134 6.872359375e-47
134.25 6.859103125e-47
134.5 6.846021875e-47
134.75 6.833640625e-47
135 6.820340625e-47
135.25 6.807499999999999e-47
135.5 6.794965625e-47
135.75 6.781971875000001e-47
136 6.769153124999999e-47
136.25 6.756728125000001e-47
136.5 6.744303125e-47
136.75 6.732053125e-47
137 6.719803125e-47
137.25 6.70753125e-47
137.5 6.6954125e-47
137.75 6.683359375e-47
138 6.671175e-47
138.25 6.658968750000001e-47
138.5 6.64755e-47
138.75 6.636196875e-47
139 6.6247125e-47
139.25 6.6136875e-47
139.5 6.60191875e-47
139.75 6.590740625e-47
140 6.579278125e-47
140.25 6.568275e-47
140.5 6.557315625e-47
140.75 6.5461375e-47
141 6.53550625e-47
141.25 6.524721875e-47
141.5 6.51398125e-47
141.75 6.503328125e-47
142 6.4929375e-47
142.25 6.482503125e-47
142.5 6.47224375e-47
142.75 6.461962499999999e-47
143 6.451878125e-47
143.25 6.441684375e-47
143.5 6.4320375e-47
143.75 6.422040625000001e-47
144 6.412021875e-47
144.25 6.40198125e-47
144.5 6.392356250000001e-47
144.75 6.382665625e-47
145 6.372778125e-47
145.25 6.363153124999999e-47
145.5 6.353615625e-47
145.75 6.344165625000001e-47
146 6.33478125e-47
146.25 6.325921875000001e-47
146.5 6.316778125e-47
146.75 6.307371875e-47
147 6.29829375e-47
147.25 6.289259375e-47
147.5 6.280290625e-47
147.75 6.2719125e-47
148 6.2633375e-47
148.25 6.25463125e-47
148.5 6.246034375e-47
148.75 6.23748125e-47
149 6.229015624999999e-47
149.25 6.221009375e-47
149.5 6.212084375e-47
149.75 6.20388125e-47
150 6.1956125e-47
150.25 6.18725625e-47
150.5 6.17876875e-47
150.75 6.170565624999999e-47
151 6.162603125e-47
151.25 6.154903125e-47
151.5 6.14726875e-47
151.75 6.139590625e-47
152 6.131475e-47
152.25 6.12381875e-47
152.5 6.116184374999999e-47
152.75 6.1088125e-47
153 6.101440625e-47
153.25 6.094156250000001e-47
153.5 6.086871875e-47
153.75 6.079609375e-47
154 6.0725875e-47
154.25 6.065543749999999e-47
154.5 6.058303125e-47
154.75 6.05154375e-47
155 6.04463125e-47
155.25 6.037740625000001e-47
155.5 6.031025e-47
155.75 6.02406875e-47
156 6.01724375e-47
156.25 6.0108125e-47
156.5 6.00438125e-47
156.75 5.998059375e-47
157 5.990906250000001e-47
157.25 5.984934375e-47
157.5 5.978525e-47
157.75 5.972006249999999e-47
158 5.96588125e-47
158.25 5.95940625e-47
158.5 5.95328125e-47
158.75 5.948228125e-47
159 5.941315625e-47
159.25 5.935321875e-47
159.5 5.929371875e-47
159.75 5.923378125000001e-47
160 5.9173625e-47
160.25 5.911259375e-47
160.5 5.9052875e-47
160.75 5.899578125e-47
161 5.89404375e-47
161.25 5.88879375e-47
161.5 5.882756250000001e-47
161.75 5.877309375e-47
162 5.87216875e-47
162.25 5.866984375e-47
162.5 5.8615375e-47
162.75 5.856287499999999e-47
163 5.851125e-47
163.25 5.846071875e-47
163.5 5.840996875e-47
163.75 5.8356375e-47
164 5.83060625e-47
164.25 5.825596875e-47
164.5 5.82071875e-47
164.75 5.815884375e-47
165 5.810896875e-47
165.25 5.80601875e-47
165.5 5.802671875e-47
165.75 5.79823125e-47
166 5.794031249999999e-47
166.25 5.78939375e-47
166.5 5.785171875e-47
166.75 5.780862499999999e-47
167 5.776859375e-47
167.25 5.772703125000001e-47
167.5 5.768590625e-47
167.75 5.764762500000001e-47
168 5.761240625e-47
168.25 5.7574125e-47
168.5 5.753890625e-47
168.75 5.75045625e-47
169 5.74739375e-47
169.25 5.744703125e-47
169.5 5.7418375e-47
169.75 5.73934375e-47
170 5.737068749999999e-47
170.25 5.73514375e-47
170.5 5.733393749999999e-47
170.75 5.731906250000001e-47
171 5.73015625e-47
171.25 5.729434375e-47
171.5 5.72893125e-47
171.75 5.729259375e-47
172 5.729696875e-47
172.25 5.730965625e-47
172.5 5.73286875e-47
172.75 5.73654375e-47
173 5.740765625e-47
173.25 5.747634375e-47
173.5 5.756296875e-47
173.75 5.767146875e-47
174 5.78090625e-47
174.25 5.79796875e-47
174.5 5.819034374999999e-47
174.75 5.8456125e-47
175 5.878490625e-47
175.25 5.920446875e-47
175.5 5.971809375e-47
175.75 6.034940625e-47
176 6.117453125e-47
176.25 6.221971875e-47
176.5 6.350246875000001e-47
176.75 6.502715625e-47
177 6.699875e-47
177.25 6.958634375e-47
177.5 7.30611875e-47
177.75 7.784721875e-47
178 8.4574875e-47
178.25 9.462424999999999e-47
178.5 1.10301625e-46
178.75 1.360716875e-46
179 1.830574375e-46
179.25 2.83955e-46
179.5 5.733721875e-46
179.75 2.198853125e-45
180 1.248778125e-43
180.25 1.867578125e-45
180.5 5.316062499999999e-46
180.75 2.7061125e-46
181 1.76464575e-46
181.25 1.32018075e-46
181.5 1.077183625e-46
181.75 9.262426249999999e-47
182 8.305784374999999e-47
182.25 7.649293750000001e-47
182.5 7.190225e-47
182.75 6.851840625e-47
183 6.598878125e-47
183.25 6.405721874999999e-47
183.5 6.256928125000001e-47
183.75 6.127384375e-47
184 6.021290624999999e-47
184.25 5.939390625e-47
184.5 5.87335e-47
184.75 5.819471875e-47
185 5.776990625e-47
185.25 5.74231875e-47
185.5 5.71239375e-47
185.75 5.687346875000001e-47
186 5.6671125e-47
186.25 5.649153125e-47
186.5 5.633928125e-47
186.75 5.6212625e-47
187 5.610609375e-47
187.25 5.601815625e-47
187.5 5.594575e-47
187.75 5.587640625e-47
188 5.5818875e-47
188.25 5.576921875e-47
188.5 5.572525000000001e-47
188.75 5.56898125e-47
189 5.565940625e-47
189.25 5.563053125e-47
189.5 5.56066875e-47
189.75 5.558284375e-47
190 5.556075e-47
190.25 5.554150000000001e-47
190.5 5.552225e-47
190.75 5.550146875e-47
191 5.54855e-47
191.25 5.547128125e-47
191.5 5.545771875e-47
191.75 5.544678125e-47
192 5.5437375e-47
192.25 5.542928125e-47
192.5 5.542075e-47
192.75 5.541156249999999e-47
193 5.540303125e-47
193.25 5.539515624999999e-47
193.5 5.538925e-47
193.75 5.53826875e-47
194 5.5377875e-47
194.25 5.537175e-47
194.5 5.535840625e-47
194.75 5.53564375e-47
195 5.535796875e-47
195.25 5.5351625e-47
195.5 5.535228125e-47
195.75 5.535053125e-47
196 5.53538125e-47
196.25 5.535228125e-47
196.5 5.534353125e-47
196.75 5.533740625e-47
197 5.533434374999999e-47
197.25 5.533521875e-47
197.5 5.53336875e-47
197.75 5.53336875e-47
198 5.533390625e-47
198.25 5.533521875e-47
198.5 5.533740625e-47
198.75 5.53398125e-47
199 5.533849999999999e-47
199.25 5.534199999999999e-47
199.5 5.53459375e-47
199.75 5.53494375e-47
200 5.53520625e-47
200.25 5.535665625e-47
200.5 5.53599375e-47
200.75 5.5365625e-47
201 5.5370875e-47
201.25 5.537196875e-47
201.5 5.5377875e-47
201.75 5.5384e-47
202 5.538925e-47
202.25 5.539253125e-47
202.5 5.539931249999999e-47
202.75 5.540281249999999e-47
203 5.540981249999999e-47
203.25 5.5414625e-47
203.5 5.542118750000001e-47
203.75 5.542665625e-47
204 5.54325625e-47
204.25 5.543803125000001e-47
204.5 5.544546875e-47
204.75 5.545203125e-47
205 5.5456625e-47
205.25 5.546362499999999e-47
205.5 5.54728125e-47
205.75 5.54815625e-47
206 5.549075e-47
206.25 5.550015625e-47
206.5 5.55095625e-47
206.75 5.551896875e-47
207 5.552990625e-47
207.25 5.553996875e-47
207.5 5.55498125e-47
207.75 5.555768749999999e-47
208 5.557015625000001e-47
208.25 5.558e-47
208.5 5.55909375e-47
208.75 5.560362500000001e-47
209 5.561521875e-47
209.25 5.563140625e-47
209.5 5.5640375e-47
209.75 5.565262500000001e-47
210 5.56661875e-47
210.25 5.56819375e-47
210.5 5.56950625e-47
210.75 5.570578125000001e-47
211 5.57169375e-47
211.25 5.572962499999999e-47
211.5 5.5743625e-47
211.75 5.5757625e-47
212 5.577315625e-47
212.25 5.578846875e-47
212.5 5.580225e-47
212.75 5.581821875e-47
213 5.583265625e-47
213.25 5.58464375e-47
213.5 5.586196875e-47
213.75 5.58770625e-47
214 5.58919375e-47
214.25 5.590790625e-47
214.5 5.592453125000001e-47
214.75 5.594028125e-47
215 5.595559375e-47
215.25 5.597112499999999e-47
215.5 5.5988625e-47
215.75 5.600284375e-47
216 5.601946875e-47
216.25 5.603434375000001e-47
216.5 5.60529375e-47
216.75 5.607328125e-47
217 5.608859374999999e-47
217.25 5.6107625e-47
217.5 5.612796875e-47
217.75 5.614634374999999e-47
218 5.616515625e-47
218.25 5.618375e-47
218.5 5.620103125e-47
218.75 5.62218125e-47
219 5.62410625e-47
219.25 5.62585625e-47
219.5 5.62778125e-47
219.75 5.629946875e-47
220 5.631915625e-47
220.25 5.63399375e-47
220.5 5.63609375e-47
220.75 5.63819375e-47
221 5.640228125e-47
221.25 5.642240625e-47
221.5 5.6445375e-47
221.75 5.646703125e-47
222 5.648890625e-47
222.25 5.6510125e-47
222.5 5.6532875e-47
222.75 5.6553875e-47
223 5.657575000000001e-47
223.25 5.66006875e-47
223.5 5.662278125e-47
223.75 5.664290625e-47
224 5.6664125e-47
224.25 5.668753125e-47
224.5 5.67126875e-47
224.75 5.673675e-47
225 5.67616875e-47
225.25 5.67875e-47
225.5 5.68089375e-47
225.75 5.683234374999999e-47
226 5.68588125e-47
226.25 5.68841875e-47
226.5 5.69113125e-47
226.75 5.693778125e-47
227 5.696271874999999e-47
227.25 5.698437499999999e-47
227.5 5.70058125e-47
227.75 5.702921875e-47
228 5.705678125e-47
228.25 5.70819375e-47
228.5 5.71099375e-47
228.75 5.713531250000001e-47
229 5.7162e-47
229.25 5.718956249999999e-47
229.5 5.721646874999999e-47
229.75 5.72420625e-47
230 5.726678124999999e-47
230.25 5.729325000000001e-47
230.5 5.732015625e-47
230.75 5.73488125e-47
231 5.737725e-47
231.25 5.740371875e-47
231.5 5.743149999999999e-47
231.75 5.745971874999999e-47
232 5.74905625e-47
232.25 5.751790625e-47
232.5 5.754678124999999e-47
232.75 5.757696875e-47
233 5.7607375e-47
233.25 5.76375625e-47
233.5 5.766775e-47
233.75 5.769640625e-47
234 5.772725e-47
234.25 5.7757e-47
234.5 5.778828124999999e-47
234.75 5.78169375e-47
235 5.7847125e-47
235.25 5.787840625e-47
235.5 5.790684375e-47
235.75 5.793615624999999e-47
236 5.79691875e-47
236.25 5.799915625e-47
236.5 5.802803125e-47
236.75 5.8058875e-47
237 5.80895e-47
237.25 5.812428125e-47
237.5 5.815446875e-47
237.75 5.818596875000001e-47
238 5.821921874999999e-47
238.25 5.82483125e-47
238.5 5.82785e-47
238.75 5.831e-47
239 5.834040625e-47
239.25 5.83695e-47
239.5 5.840318749999999e-47
239.75 5.843840625e-47
240 5.847121874999999e-47
240.25 5.850053125e-47
240.5 5.853225e-47
240.75 5.856375e-47
241 5.85983125e-47
241.25 5.863156250000001e-47
241.5 5.866371875000001e-47
241.75 5.869674999999999e-47
242 5.872978125e-47
242.25 5.87619375e-47
242.5 5.879278125e-47
242.75 5.882515625e-47
243 5.885971875e-47
243.25 5.8893625e-47
243.5 5.893015625e-47
243.75 5.896646875e-47
244 5.900278125000001e-47
244.25 5.905353124999999e-47
244.5 5.9087875e-47
244.75 5.91075625e-47
245 5.91408125e-47
245.25 5.91766875e-47
245.5 5.921125e-47
245.75 5.9248e-47
246 5.92808125e-47
246.25 5.931559375e-47
246.5 5.935540625000001e-47
246.75 5.938996875e-47
247 5.942803125e-47
247.25 5.946281249999999e-47
247.5 5.949671875e-47
247.75 5.953325e-47
248 5.95704375e-47
248.25 5.960696875e-47
248.5 5.964328125e-47
248.75 5.9679375e-47
249 5.97130625e-47
249.25 5.975112500000001e-47
249.5 5.978875000000001e-47
249.75 5.9824625e-47
250 5.98635625e-47
250.25 5.990184375e-47
250.5 5.993749999999999e-47
250.75 5.997446875000001e-47
251 6.001384375e-47
251.25 6.005103124999999e-47
251.5 6.008865625e-47
251.75 6.01260625e-47
252 6.016215625e-47
252.25 6.02013125e-47
252.5 6.023893750000001e-47
252.75 6.027393750000001e-47
253 6.031025e-47
253.25 6.034765625e-47
253.5 6.03841875e-47
253.75 6.042225e-47
254 6.0459875e-47
254.25 6.049728125e-47
254.5 6.053512499999999e-47
254.75 6.05745e-47
255 6.061365625e-47
255.25 6.065106250000001e-47
255.5 6.06913125e-47
255.75 6.0731125e-47
256 6.076940625e-47
256.25 6.08103125e-47
256.5 6.084990625e-47
256.75 6.08881875e-47
257 6.0928e-47
257.25 6.096715624999999e-47
257.5 6.101003125000001e-47
257.75 6.105334375e-47
258 6.109315625e-47
258.25 6.113209375e-47
258.5 6.117584375e-47
258.75 6.1219375e-47
259 6.125984375e-47
259.25 6.13003125e-47
259.5 6.13396875e-47
259.75 6.137971875e-47
260 6.1422375e-47
260.25 6.146481250000001e-47
260.5 6.15059375e-47
260.75 6.154640625e-47
261 6.158928125e-47
261.25 6.16266875e-47
261.5 6.166846875e-47
261.75 6.171134375e-47
262 6.174896875000001e-47
262.25 6.1791625e-47
262.5 6.183275000000001e-47
262.75 6.187584375000001e-47
263 6.191784375e-47
263.25 6.195721875e-47
263.5 6.20011875e-47
263.75 6.204515625e-47
264 6.208518750000001e-47
264.25 6.212959375000001e-47
264.5 6.21683125e-47
264.75 6.220790624999999e-47
265 6.2250125e-47
265.25 6.229343750000001e-47
265.5 6.233193750000001e-47
265.75 6.2372625e-47
266 6.2411125e-47
266.25 6.24526875e-47
266.5 6.249534375e-47
266.75 6.2538e-47
267 6.2580875e-47
267.25 6.2626375e-47
267.5 6.26670625e-47
267.75 6.270578125e-47
268 6.27515e-47
268.25 6.279765625e-47
268.5 6.284096875e-47
268.75 6.287946875e-47
269 6.29195e-47
269.25 6.296653125e-47
269.5 6.301028125e-47
269.75 6.30529375e-47
270 6.309559375e-47
270.25 6.31395625e-47
270.5 6.3182875e-47
270.75 6.322596875e-47
271 6.32695e-47
271.25 6.3315875e-47
271.5 6.335765625e-47
271.75 6.34029375e-47
272 6.3445375e-47
272.25 6.34904375e-47
272.5 6.353353125e-47
272.75 6.35761875e-47
273 6.361818750000001e-47
273.25 6.366325e-47
273.5 6.370765625000001e-47
273.75 6.37503125e-47
274 6.379406249999999e-47
274.25 6.383825e-47
274.5 6.388528124999999e-47
274.75 6.392815625000001e-47
275 6.397496875e-47
275.25 6.401915624999999e-47
275.5 6.40661875e-47
275.75 6.410753124999999e-47
276 6.41515e-47
276.25 6.42009375e-47
276.5 6.424621875000001e-47
276.75 6.429259375e-47
277 6.433590625e-47
277.25 6.437921875e-47
277.5 6.442406250000001e-47
277.75 6.447065625e-47
278 6.4514625e-47
278.25 6.4561e-47
278.5 6.460234375e-47
278.75 6.464675e-47
279 6.469290625e-47
279.25 6.47364375e-47
279.5 6.477778125e-47
279.75 6.482e-47
280 6.486921875e-47
280.25 6.49140625e-47
280.5 6.4957375e-47
280.75 6.50006875e-47
281 6.504465625e-47
281.25 6.50908125e-47
281.5 6.513478125e-47
281.75 6.51805e-47
282 6.522534375e-47
282.25 6.5268e-47
282.5 6.531153125e-47
282.75 6.53555e-47
283 6.54023125e-47
283.25 6.54465e-47
283.5 6.549025e-47
283.75 6.553356249999999e-47
284 6.557753125e-47
284.25 6.562062499999999e-47
284.5 6.566634375000001e-47
284.75 6.57111875e-47
285 6.575646875e-47
285.25 6.5802625e-47
285.5 6.5846375e-47
285.75 6.58905625e-47
286 6.593496875e-47
286.25 6.598134375e-47
286.5 6.602728125e-47
286.75 6.60743125e-47
287 6.61198125e-47
287.25 6.616596875e-47
287.5 6.6208625e-47
287.75 6.62536875e-47
288 6.63009375e-47
288.25 6.634578125e-47
288.5 6.639259375e-47
288.75 6.644115625e-47
289 6.64864375e-47
289.25 6.652996875e-47
289.5 6.657459375e-47
289.75 6.66203125e-47
290 6.666690625e-47
290.25 6.671109375e-47
290.5 6.6758125e-47
290.75 6.679903125e-47
291 6.684321874999999e-47
291.25 6.6889375e-47
291.5 6.693509375000001e-47
291.75 6.69825625e-47
292 6.702456250000001e-47
292.25 6.706721875000001e-47
292.5 6.7111625e-47
292.75 6.715909375e-47
293 6.720153125e-47
293.25 6.724528125e-47
293.5 6.729253125e-47
293.75 6.73386875e-47
294 6.73855e-47
294.25 6.743187499999999e-47
294.5 6.7475625e-47
294.75 6.752484375e-47
295 6.756925e-47
295.25 6.761496875e-47
295.5 6.766178125e-47
295.75 6.771253125e-47
296 6.776153125e-47
296.25 6.78041875e-47
296.5 6.785690625e-47
296.75 6.79065625e-47
297 6.795928124999999e-47
297.25 6.801375e-47
297.5 6.806756249999999e-47
297.75 6.812268750000001e-47
298 6.8187e-47
298.25 6.82609375e-47
298.5 6.834581249999999e-47
298.75 6.8459125e-47
299 6.864309375e-47
299.25 6.893096875e-47
299.5 6.940565625e-47
299.75 7.01518125e-47
300 6.681565625e-45
300.25 7.013496875e-47
300.5 6.95559375e-47
300.75 6.92461875e-47
301 6.908803125000001e-47
301.25 6.9050625e-47
301.5 6.907753125e-47
301.75 6.912128125e-47
302 6.91744375e-47
302.25 6.925668749999999e-47
302.5 6.934265625e-47
302.75 6.94378125e-47
303 6.95436875e-47
303.25 6.969484375000001e-47
303.5 6.98831875e-47
303.75 7.00805e-47
304 7.0361375e-47
304.25 7.069978124999999e-47
304.5 7.117490625e-47
304.75 7.177493749999999e-47
305 7.287371875000001e-47
305.25 7.5936e-47
305.5 8.958862500000001e-47
305.75 1.5500205e-46
306 7.533815625e-46
306.25 7.782184375e-45
306.5 2.9882125e-46
306.75 1.14185575e-46
307 8.157515625e-47
307.25 7.52215625e-47
307.5 2.668509375e-45
307.75 7.2566375e-47
308 7.181409375e-47
308.25 7.138075e-47
308.5 7.111628125e-47
308.75 7.09275e-47
309 7.082424999999999e-47
309.25 7.075228125e-47
309.5 7.071378125e-47
309.75 7.068928124999999e-47
310 7.06934375e-47
310.25 7.0700875e-47
310.5 7.073171875e-47
310.75 7.076846875e-47
311 7.081746875e-47
311.25 7.088178125e-47
311.5 7.095046875e-47
311.75 7.103884374999999e-47
312 7.115171875e-47
312.25 7.128165625e-47
312.5 7.144068750000001e-47
312.75 7.166271875e-47
313 7.1973125e-47
313.25 7.24101875e-47
313.5 7.30025625e-47
313.75 7.392437500000001e-47
314 7.552671875e-47
314.25 7.9081625e-47
314.5 8.917343750000001e-47
314.75 1.32756575e-46
315 1.00228625e-45
315.25 3.651571875000001e-46
315.5 1.127118125e-46
315.75 8.54835625e-47
316 7.81865e-47
316.25 7.5439875e-47
316.5 7.408734375e-47
316.75 7.32965625e-47
317 7.28153125e-47
317.25 7.248915625e-47
317.5 7.2244375e-47
317.75 7.209628125e-47
318 7.19866875e-47
318.25 7.192062499999999e-47
318.5 7.187140625e-47
318.75 7.18414375e-47
319 7.182984374999999e-47
319.25 7.181934375e-47
319.5 7.181803125e-47
319.75 7.18186875e-47
320 7.1829625e-47
320.25 7.18510625e-47
320.5 7.186725e-47
320.75 7.188825e-47
321 7.19096875e-47
321.25 7.193484375000001e-47
321.5 7.195803125e-47
321.75 7.198515625000001e-47
322 7.2009e-47
322.25 7.203940625e-47
322.5 7.206696875e-47
322.75 7.209759375e-47
323 7.212646875000001e-47
323.25 7.21590625e-47
323.5 7.219559375e-47
323.75 7.223190625e-47
324 7.226603124999999e-47
324.25 7.230103125e-47
324.5 7.234040624999999e-47
324.75 7.238284375e-47
325 7.243775e-47
325.25 7.247953125e-47
325.5 7.2536625e-47
325.75 7.2585625e-47
326 7.265015625e-47
326.25 7.270396875e-47
326.5 7.277900000000001e-47
326.75 7.2849e-47
327 7.294918750000001e-47
327.25 7.3059875e-47
327.5 7.3185e-47
327.75 7.3394125e-47
328 7.363803125e-47
328.25 7.395128125e-47
328.5 7.44323125e-47
328.75 7.51016875e-47
329 7.63503125e-47
329.25 7.843696875e-47
329.5 8.945405000000001e-47
329.75 1.125840625e-46
330 1.692238625e-46
330.25 3.2997125e-46
330.5 8.713665625e-46
330.75 2.872646875e-45
331 1.28595075e-44
331.25 3.21409375e-43
331.5 3.691121875e-44
331.75 5.981850000000001e-45
332 1.561756875e-45
332.25 5.2485125e-46
332.5 2.26489375e-46
332.75 1.29541825e-46
333 7.962675e-47
333.25 7.72568125e-47
333.5 7.597428125000001e-47
333.75 7.521084375e-47
334 7.47630625e-47
334.25 7.44463125e-47
334.5 7.42595e-47
334.75 7.412365625e-47
335 7.400990625e-47
335.25 7.395740625e-47
335.5 7.39221875e-47
335.75 7.39108125e-47
336 7.3919125e-47
336.25 7.393378125e-47
336.5 7.39515e-47
336.75 7.39633125e-47
337 7.398103125e-47
337.25 7.399853125e-47
337.5 7.40201875e-47
337.75 7.4038125e-47
338 7.406218749999999e-47
338.25 7.408953125e-47
338.5 7.411578125e-47
338.75 7.41461875e-47
339 7.417615625e-47
339.25 7.420590625e-47
339.5 7.423740625e-47
339.75 7.426693749999999e-47
340 7.429646875e-47
340.25 7.43264375e-47
340.5 7.435246875e-47
340.75 7.438375e-47
341 7.441371875e-47
341.25 7.444390625e-47
341.5 7.447562499999999e-47
341.75 7.450646875e-47
342 7.453971875e-47
342.25 7.45696875e-47
342.5 7.460184375e-47
342.75 7.463421875000001e-47
343 7.466462500000001e-47
343.25 7.469634375e-47
343.5 7.4727625e-47
343.75 7.475671875e-47
344 7.478690625e-47
344.25 7.48146875e-47
344.5 7.484509375e-47
344.75 7.487724999999999e-47
345 7.490525e-47
345.25 7.493040625e-47
345.5 7.4958625e-47
345.75 7.498859375000001e-47
346 7.5016375e-47
346.25 7.504284375e-47
346.5 7.50754375e-47
346.75 7.510234374999999e-47
347 7.513034375e-47
347.25 7.516075e-47
347.5 7.519028125e-47
347.75 7.522134375e-47
348 7.52513125e-47
348.25 7.527625e-47
348.5 7.5303375e-47
348.75 7.533378125e-47
349 7.536615625e-47
349.25 7.539546875e-47
349.5 7.5417125e-47
349.75 7.544753125e-47
350 7.547225e-47
350.25 7.549915625e-47
350.5 7.552453125e-47
350.75 7.5557125e-47
351 7.558359375e-47
351.25 7.56126875e-47
351.5 7.563959375e-47
351.75 7.566387500000001e-47
352 7.569078125e-47
352.25 7.571812499999999e-47
352.5 7.574546875e-47
352.75 7.5774125e-47
353 7.580125e-47
353.25 7.5826625e-47
353.5 7.58541875e-47
353.75 7.58795625e-47
354 7.590996875e-47
354.25 7.59381875e-47
354.5 7.59609375e-47
354.75 7.59871875e-47
355 7.601409375e-47
355.25 7.60423125e-47
355.5 7.60703125e-47
355.75 7.610356250000001e-47
356 7.612609375e-47
356.25 7.615103125e-47
356.5 7.61753125e-47
356.75 7.620003125e-47
357 7.622825e-47
357.25 7.625384375000001e-47
357.5 7.627878125e-47
357.75 7.630459375000001e-47
358 7.6327125e-47
358.25 7.63503125e-47
358.5 7.63774375e-47
358.75 7.64010625e-47
359 7.642446875000001e-47
359.25 7.644875e-47
359.5 7.647434375000001e-47
359.75 7.649928125e-47
360 7.652203125e-47
360.25 7.654718749999999e-47
360.5 7.657234375e-47
360.75 7.659596875000001e-47
361 7.662440625e-47
361.25 7.665109375e-47
361.5 7.667187500000001e-47
361.75 7.669637500000001e-47
362 7.672175e-47
362.25 7.674428125000001e-47
362.5 7.676593750000001e-47
362.75 7.678956249999999e-47
363 7.68158125e-47
363.25 7.6839875e-47
363.5 7.68613125e-47
363.75 7.688143750000001e-47
364 7.690353125e-47
364.25 7.692737500000001e-47
364.5 7.694553125000001e-47
364.75 7.696609374999999e-47
365 7.698578125e-47
365.25 7.70035e-47
365.5 7.702756250000001e-47
365.75 7.704659375e-47
366 7.706715625000001e-47
366.25 7.708531250000001e-47
366.5 7.710543749999999e-47
366.75 7.712074999999999e-47
367 7.713956250000001e-47
367.25 7.71614375e-47
367.5 7.718637500000001e-47
367.75 7.720299999999999e-47
368 7.723034375e-47
368.25 7.724696875e-47
368.5 7.726775000000001e-47
368.75 7.728809375e-47
369 7.730318749999999e-47
369.25 7.732112499999999e-47
369.5 7.73381875e-47
369.75 7.735262500000001e-47
370 7.7371e-47
370.25 7.738915625e-47
370.5 7.740621875e-47
370.75 7.74265625e-47
371 7.743990624999999e-47
371.25 7.74606875e-47
371.5 7.747840625e-47
371.75 7.749459375e-47
372 7.750903125000001e-47
372.25 7.75285e-47
372.5 7.754687499999999e-47
372.75 7.757334375e-47
373 7.759521875e-47
373.25 7.7616e-47
373.5 7.7627375e-47
373.75 7.764115625e-47
374 7.766040625e-47
374.25 7.767265625e-47
374.5 7.769650000000001e-47
374.75 7.770896875e-47
375 7.772865625e-47
375.25 7.774550000000001e-47
375.5 7.775862499999999e-47
375.75 7.777240625000001e-47
376 7.778575e-47
376.25 7.7804125e-47
376.5 7.781309375000001e-47
376.75 7.783081250000001e-47
377 7.784831250000001e-47
377.25 7.786253124999999e-47
377.5 7.787631250000001e-47
377.75 7.788528125e-47
378 7.789643749999999e-47
378.25 7.791284375e-47
378.5 7.792399999999999e-47
378.75 7.793603124999999e-47
379 7.794915625e-47
379.25 7.795396875e-47
379.5 7.796359374999999e-47
379.75 7.797387500000001e-47
380 7.798415624999999e-47
380.25 7.799925e-47
380.5 7.801215624999999e-47
380.75 7.802375e-47
381 7.8038625e-47
381.25 7.80574375e-47
381.5 7.806575e-47
381.75 7.80749375e-47
382 7.808478124999999e-47
382.25 7.809987499999999e-47
382.5 7.811234374999999e-47
382.75 7.812437499999999e-47
383 7.813421875000001e-47
383.25 7.814056250000001e-47
383.5 7.814428125e-47
383.75 7.815325e-47
384 7.816046875e-47
384.25 7.817599999999999e-47
384.5 7.81834375e-47
384.75 7.819481249999999e-47
385 7.820137500000001e-47
385.25 7.821253125e-47
385.5 7.822171874999999e-47
385.75 7.823178125000001e-47
386 7.824271874999999e-47
386.25 7.826021875e-47
386.5 7.827378125e-47
386.75 7.82845e-47
387 7.829521874999999e-47
387.25 7.830528125e-47
387.5 7.831840625e-47
387.75 7.833371875e-47
388 7.834290625e-47
388.25 7.835909374999999e-47
388.5 7.836915625000001e-47
388.75 7.83811875e-47
389 7.839846875e-47
389.25 7.841181250000001e-47
389.5 7.842406250000001e-47
389.75 7.843543750000001e-47
390 7.844965624999999e-47
390.25 7.8463e-47
390.5 7.847896875e-47
390.75 7.849209375e-47
391 7.850521875e-47
391.25 7.851703125e-47
391.5 7.853059375e-47
391.75 7.854153124999999e-47
392 7.856253124999999e-47
392.25 7.8575875e-47
392.5 7.85824375e-47
392.75 7.859381250000001e-47
393 7.860496874999999e-47
393.25 7.861940625e-47
393.5 7.863690625000001e-47
393.75 7.865353125e-47
394 7.86699375e-47
394.25 7.868984375e-47
394.5 7.870209374999999e-47
394.75 7.87215625e-47
395 7.873643750000001e-47
395.25 7.87535e-47
395.5 7.87679375e-47
395.75 7.8789375e-47
396 7.88055625e-47
396.25 7.881890625000001e-47
396.5 7.884012500000001e-47
396.75 7.885609375e-47
397 7.887534374999999e-47
397.25 7.889240625000001e-47
397.5 7.890903124999999e-47
397.75 7.892609375e-47
398 7.89420625e-47
398.25 7.896e-47
398.5 7.898121875e-47
398.75 7.900046874999999e-47
399 7.902234375000001e-47
399.25 7.903634375e-47
399.5 7.9051e-47
399.75 7.907046874999999e-47
400 7.909300000000001e-47
400.25 7.911246875e-47
400.5 7.91328125e-47
400.75 7.915621875000001e-47
401 7.917284375e-47
401.25 7.919471875e-47
401.5 7.921834375e-47
401.75 7.923890625e-47
402 7.9258375e-47
402.25 7.9279375e-47
402.5 7.929840624999999e-47
402.75 7.931503125e-47
403 7.933778124999999e-47
403.25 7.93585625e-47
403.5 7.938328125e-47
403.75 7.940734374999999e-47
404 7.943075e-47
404.25 7.9452625e-47
404.5 7.94758125e-47
404.75 7.94959375e-47
405 7.952306249999999e-47
405.25 7.954231249999999e-47
405.5 7.956746875e-47
405.75 7.95895625e-47
406 7.96088125e-47
406.25 7.963134375e-47
406.5 7.96534375e-47
406.75 7.967203125e-47
407 7.969346875e-47
407.25 7.971775e-47
407.5 7.974159375e-47
407.75 7.976346874999999e-47
408 7.97873125e-47
408.25 7.981575e-47
408.5 7.984003124999999e-47
408.75 7.986278125e-47
409 7.988728125e-47
409.25 7.991090625000001e-47
409.5 7.99351875e-47
409.75 7.99666875e-47
410 7.99868125e-47
410.25 8.001196875e-47
410.5 8.003799999999999e-47
410.75 8.006446874999999e-47
411 8.009378125e-47
411.25 8.011784375e-47
411.5 8.014103124999999e-47
411.75 8.0170125e-47
412 8.018915624999999e-47
412.25 8.0213875e-47
412.5 8.023618750000001e-47
412.75 8.02668125e-47
413 8.029153125000001e-47
413.25 8.031800000000001e-47
413.5 8.034534375000001e-47
413.75 8.036503125e-47
414 8.039018749999999e-47
414.25 8.041840625000001e-47
414.5 8.044596875000001e-47
414.75 8.047003125000001e-47
415 8.049825e-47
415.25 8.052143749999999e-47
415.5 8.055250000000001e-47
415.75 8.057853124999999e-47
416 8.060653124999999e-47
416.25 8.064087500000001e-47
416.5 8.066537500000001e-47
416.75 8.069971875e-47
417 8.072903125000001e-47
417.25 8.075593750000001e-47
417.5 8.078371875e-47
417.75 8.0815e-47
418 8.084671874999999e-47
418.25 8.087559375e-47
418.5 8.091015625e-47
418.75 8.094078125e-47
419 8.097403125e-47
419.25 8.10035625e-47
419.5 8.103549999999999e-47
419.75 8.106743750000001e-47
420 8.109696875000001e-47
420.25 8.112803125e-47
420.5 8.116499999999999e-47
420.75 8.119737500000001e-47
421 8.123259374999999e-47
421.25 8.1265625e-47
421.5 8.129953125e-47
421.75 8.133475e-47
422 8.136865625e-47
422.25 8.1402125e-47
422.5 8.143821875000001e-47
422.75 8.146993749999999e-47
423 8.150909375e-47
423.25 8.15408125e-47
423.5 8.158084375000001e-47
423.75 8.161387500000001e-47
424 8.164603125e-47
424.25 8.167709374999999e-47
424.5 8.171406250000001e-47
424.75 8.175234375e-47
425 8.179128125000001e-47
425.25 8.182540625e-47
425.5 8.185559375e-47
425.75 8.188884375e-47
426 8.192165625000001e-47
426.25 8.195228125e-47
426.5 8.199384375000001e-47
426.75 8.203125e-47
427 8.20754375e-47
427.25 8.210759375e-47
427.5 8.213515625e-47
427.75 8.216884375e-47
428 8.22045e-47
428.25 8.223993749999999e-47
428.5 8.227953125e-47
428.75 8.232000000000001e-47
429 8.235959375000001e-47
429.25 8.2403125e-47
429.5 8.244381249999999e-47
429.75 8.24845e-47
430 8.252715625e-47
430.25 8.256390625e-47
430.5 8.260087499999999e-47
430.75 8.2648125e-47
431 8.268859375e-47
431.25 8.272796875000001e-47
431.5 8.276953125000001e-47
431.75 8.2816125e-47
432 8.285921875e-47
432.25 8.289553125e-47
432.5 8.294715625e-47
432.75 8.299353125e-47
433 8.304690625e-47
433.25 8.309328124999999e-47
433.5 8.314446875e-47
433.75 8.319237500000001e-47
434 8.324400000000001e-47
434.25 8.329562500000001e-47
434.5 8.335140625e-47
434.75 8.339843749999999e-47
435 8.34456875e-47
435.25 8.349184375e-47
435.5 8.354128125e-47
435.75 8.359028125e-47
436 8.365087499999999e-47
436.25 8.370796875e-47
436.5 8.37694375e-47
436.75 8.383221875e-47
437 8.388975e-47
437.25 8.3944875e-47
437.5 8.400415624999999e-47
437.75 8.406825000000001e-47
438 8.413890625e-47
438.25 8.419337500000001e-47
438.5 8.425265624999999e-47
438.75 8.4322e-47
439 8.43889375e-47
439.25 8.445325e-47
439.5 8.451296875000001e-47
439.75 8.457159375e-47
440 8.464356250000001e-47
440.25 8.471334375e-47
440.5 8.478246875e-47
440.75 8.485159375e-47
441 8.492793749999999e-47
441.25 8.49953125e-47
441.5 8.505546874999999e-47
441.75 8.511409375e-47
442 8.517840625000001e-47
442.25 8.524774999999999e-47
442.5 8.530549999999999e-47
442.75 8.537528124999999e-47
443 8.5437625e-47
443.25 8.549624999999999e-47
443.5 8.556515625e-47
443.75 8.562903125e-47
444 8.56918125e-47
444.25 8.575524999999999e-47
444.5 8.583596875e-47
444.75 8.591318749999999e-47
445 8.598428125000001e-47
445.25 8.604203125000001e-47
445.5 8.611290625e-47
445.75 8.61923125e-47
446 8.626296875e-47
446.25 8.633121875e-47
446.5 8.640865625e-47
446.75 8.646946875e-47
447 8.65370625e-47
447.25 8.660334375e-47
447.5 8.667181250000001e-47
447.75 8.673809374999999e-47
448 8.681071875e-47
448.25 8.688312499999999e-47
448.5 8.694196874999999e-47
448.75 8.700978125e-47
449 8.7072125e-47
449.25 8.71408125e-47
449.5 8.721146875e-47
449.75 8.727206250000001e-47
450 8.7327625e-47
450.25 8.73910625e-47
450.5 8.745318749999999e-47
450.75 8.751137500000001e-47
451 8.7564925e-47
451.25 8.762206249999999e-47
451.5 8.766843749999999e-47
451.75 8.771481250000002e-47
452 8.777326250000002e-47
452.25 8.782375e-47
452.5 8.78679375e-47
452.75 8.793575e-47
453 8.799857500000001e-47
453.25 8.805474999999999e-47
453.5 8.810392500000001e-47
453.75 8.814470000000001e-47
454 8.819037499999999e-47
454.25 8.824611249999999e-47
454.5 8.82877625e-47
454.75 8.83360625e-47
455 8.836931250000001e-47
455.25 8.84097375e-47
455.5 8.845681249999999e-47
455.75 8.849854999999998e-47
456 8.853626249999999e-47
456.25 8.857257499999999e-47
456.5 8.861142500000001e-47
456.75 8.865806250000001e-47
457 8.87005e-47
457.25 8.8741625e-47
457.5 8.87851125e-47
457.75 8.882737499999999e-47
458 8.88689375e-47
458.25 8.890113749999999e-47
458.5 8.8941825e-47
458.75 8.897813750000001e-47
459 8.901488750000001e-47
459.25 8.904848749999999e-47
459.5 8.9086375e-47
459.75 8.912548750000001e-47
460 8.915856249999999e-47
460.25 8.919137499999999e-47
460.5 8.922725000000001e-47
460.75 8.925201250000001e-47
461 8.92768625e-47
461.25 8.930836250000001e-47
461.5 8.934318750000001e-47
461.75 8.936375e-47
462 8.93904375e-47
462.25 8.940881249999999e-47
462.5 8.94305125e-47
462.75 8.9451425e-47
463 8.94831875e-47
463.25 8.951075e-47
463.5 8.9530875e-47
463.75 8.954338750000001e-47
464 8.9565e-47
464.25 8.9579875e-47
464.5 8.958792500000001e-47
464.75 8.95976375e-47
465 8.96188125e-47
465.25 8.963561249999999e-47
465.5 8.96548625e-47
465.75 8.966825000000001e-47
466 8.96746375e-47
466.25 8.96966875e-47
466.5 8.971401250000001e-47
466.75 8.97133125e-47
467 8.97064875e-47
467.25 8.97201375e-47
467.5 8.97201375e-47
467.75 8.97063125e-47
468 8.97017625e-47
468.25 8.969870000000001e-47
468.5 8.969992499999999e-47
468.75 8.96966875e-47
469 8.9735625e-47
469.25 8.9721625e-47
469.5 8.972206249999999e-47
469.75 8.971401250000001e-47
470 8.969275000000001e-47
470.25 8.966256250000001e-47
470.5 8.962607500000001e-47
470.75 8.961338750000001e-47
471 8.957261250000001e-47
471.25 8.953586249999999e-47
471.5 8.951136249999999e-47
471.75 8.946507499999999e-47
472 8.94291125e-47
472.25 8.939630000000002e-47
472.5 8.935132499999999e-47
472.75 8.928954999999999e-47
473 8.923206249999999e-47
473.25 8.919505e-47
473.5 8.9138e-47
473.75 8.911630000000001e-47
474 8.907692500000001e-47
474.25 8.902424999999999e-47
474.5 8.899362500000001e-47
474.75 8.8946375e-47
475 8.892362499999999e-47
475.25 8.8883375e-47
475.5 8.88551125e-47
475.75 8.88258875e-47
476 8.878275e-47
476.25 8.87543125e-47
476.5 8.8742675e-47
476.75 8.870706250000001e-47
477 8.86655e-47
477.25 8.866095e-47
477.5 8.86431875e-47
477.75 8.8610375e-47
478 8.857143749999999e-47
478.25 8.85416875e-47
478.5 8.850231249999999e-47
478.75 8.847938750000001e-47
479 8.844736250000001e-47
479.25 8.84200625e-47
479.5 8.839145000000001e-47
479.75 8.839425e-47
480 8.83932e-47
480.25 8.838418750000001e-47
480.5 8.840825e-47
480.75 8.838444999999999e-47
481 8.839950000000001e-47
481.25 8.840081249999999e-47
481.5 8.8431875e-47
481.75 8.846713750000001e-47
482 8.8492425e-47
482.25 8.85416875e-47
482.5 8.862061250000001e-47
482.75 8.865570000000001e-47
483 8.866830000000001e-47
483.25 8.866138750000001e-47
483.5 8.861562500000001e-47
483.75 8.857511250000001e-47
484 8.857362500000001e-47
484.25 8.860643750000001e-47
484.5 8.85731875e-47
484.75 8.85861375e-47
485 8.86108125e-47
485.25 8.863855e-47
485.5 8.868755000000002e-47
485.75 8.876323749999999e-47
486 8.87917625e-47
486.25 8.884006249999998e-47
486.5 8.8911375e-47
486.75 8.899117499999999e-47
487 8.90903125e-47
487.25 8.92023125e-47
487.5 8.933732500000001e-47
487.75 8.950243749999999e-47
488 8.967393750000001e-47
488.25 8.986206249999998e-47
488.5 9.00946375e-47
488.75 9.034173749999999e-47
489 9.06135125e-47
489.25 9.08989375e-47
489.5 9.12123625e-47
489.75 9.1585375e-47
490 9.1946575e-47
490.25 9.239999999999999e-47
490.5 9.28729375e-47
490.75 9.3395925e-47
491 9.39301125e-47
491.25 9.452975e-47
491.5 9.51628125e-47
491.75 9.583306250000001e-47
492 9.65785625e-47
492.25 9.73354375e-47
492.5 9.81903125e-47
492.75 9.915674999999999e-47
493 1.0022775e-46
493.25 1.01359825e-46
493.5 1.025913875e-46
493.75 1.0391255e-46
494 1.053723125e-46
494.25 1.069597375e-46
494.5 1.087778125e-46
494.75 1.10780425e-46
495 1.128071875e-46
495.25 1.1494245e-46
495.5 1.172803625e-46
495.75 1.19670075e-46
496 1.22429125e-46
496.25 1.322234375e-46
496.5 1.01466575e-45
496.75 1.58738125e-45
497 2.562328125e-45
497.25 4.258209375e-45
497.5 7.296668749999999e-45
497.75 1.293278e-44
498 2.384440625e-44
498.25 4.6396e-44
498.5 9.71291125e-44
498.75 2.268853125e-43
499 5.0980125e-43
499.25 1.543906875e-42
499.5 2.135357e-41
499.75 6.779171875e-42
500 1.027508125e-42
500.25 3.995665625000001e-43
500.5 1.774933125e-43
500.75 8.478334375e-44
501 5.037003125e-44
501.25 3.95128125e-44
501.5 4.290584375e-44
501.75 5.948665625e-44
502 9.52172375e-44
502.25 1.64713325e-43
502.5 3.3007625e-43
502.75 9.804707499999999e-43
503 1.322664875e-41
503.25 4.68995625e-42
503.5 7.021984375e-43
503.75 2.71210625e-43
504 1.414195125e-43
504.25 8.188096875e-44
504.5 4.954621875e-44
504.75 3.14785625e-44
505 2.138927e-44
505.25 1.608061875e-44
505.5 1.355913125e-44
505.75 1.268022e-44
506 1.304146375e-44
506.25 1.4659225e-44
506.5 1.761703125e-44
506.75 2.200778125e-44
507 2.836378125e-44
507.25 3.96930625e-44
507.5 2.895353125e-43
507.75 7.601190625e-43
508 2.266884375e-42
508.25 8.466740625e-42
508.5 3.23715e-41
508.75 1.51873575e-40
509 3.569125e-39
509.25 3.524325e-40
509.5 7.93323125e-41
509.75 1.40647325e-41
510 9.9201375e-42
510.25 2.263253125e-40
510.5 4.43988125e-42
510.75 2.54865625e-42
511 1.878881375e-40
511.25 3.02631875e-42
511.5 3.022840625e-41
511.75 1.169931875e-42
512 4.524428125e-43
512.25 3.47606875e-43
512.5 4.213125e-43
512.75 7.368134375000001e-43
513 3.20936875e-42
513.25 4.963853125e-41
513.5 1.516001375e-42
513.75 6.31780625e-43
514 5.650159375e-43
514.25 7.589268750000001e-43
514.5 1.284399375e-42
514.75 2.48320625e-42
515 5.40378125e-42
515.25 1.182696375e-41
515.5 3.000659375e-41
515.75 1.807911875e-40
516 9.067117500000001e-40
516.25 4.975753125000001e-41
516.5 1.60454875e-41
516.75 7.543090625e-42
517 3.262153125e-42
517.25 1.57300325e-42
517.5 8.161409374999999e-43
517.75 4.4569e-43
518 2.532009375e-43
518.25 1.48520575e-43
518.5 8.9264875e-44
518.75 5.492068750000001e-44
519 3.2680375e-44
519.25 1.7101e-45
519.5 1.443194375e-45
519.75 1.250136125e-45
520 1.085055125e-45
520.25 9.471323750000001e-46
520.5 8.297712499999999e-46
520.75 7.263462500000001e-46
521 6.327934374999999e-46
521.25 5.479140625000001e-46
521.5 4.7263125e-46
521.75 4.068246875e-46
522 3.5308e-46
522.25 3.127053125e-46
522.5 2.769703125e-46
522.75 2.501646875e-46
523 2.280184375e-46
523.25 2.0995345e-46
523.5 1.93899125e-46
523.75 1.801478e-46
524 1.68755125e-46
524.25 1.587982375e-46
524.5 1.498945e-46
524.75 1.42016875e-46
525 1.349467e-46
525.25 1.29014375e-46
525.5 1.238713e-46
525.75 1.193031875e-46
526 1.151024875e-46
526.25 1.114201375e-46
526.5 1.081388875e-46
526.75 1.052401875e-46
527 1.026487e-46
527.25 1.004476375e-46
527.5 9.84755625e-47
527.75 9.672556249999999e-47
528 9.52037625e-47
528.25 9.391401250000001e-47
528.5 9.2787625e-47
528.75 9.176125000000001e-47
529 9.09610625e-47
529.25 9.030892500000001e-47
529.5 8.97623125e-47
529.75 8.936786249999999e-47
530 8.907893749999999e-47
530.25 8.885563749999999e-47
530.5 8.871187499999999e-47
530.75 8.866261249999999e-47
531 8.867600000000002e-47
531.25 8.873961250000001e-47
531.5 8.88199375e-47
531.75 8.896562500000001e-47
532 8.912155e-47
532.25 8.935850000000001e-47
532.5 8.98699375e-47
532.75 9.042075e-47
533 9.0977425e-47
533.25 9.155457500000001e-47
533.5 9.1945875e-47
533.75 9.22681375e-47
534 9.268201249999999e-47
534.25 9.302448749999999e-47
534.5 9.334386249999999e-47
534.75 9.361931250000001e-47
535 9.390342499999999e-47
535.25 9.408962499999999e-47
535.5 9.424406249999999e-47
535.75 9.436936250000001e-47
536 9.448162499999999e-47
536.25 9.463098750000001e-47
536.5 9.4800125e-47
536.75 9.494099999999999e-47
537 9.5095e-47
537.25 9.523893749999999e-47
537.5 9.535601250000001e-47
537.75 9.54762375e-47
538 9.558044999999999e-47
538.25 9.569262500000001e-47
538.5 9.584155000000001e-47
538.75 9.59615125e-47
539 9.611962500000001e-47
539.25 9.6326125e-47
539.5 9.645273750000001e-47
539.75 9.648694999999999e-47
540 9.651250000000001e-47
540.25 9.64690125e-47
540.5 9.639104999999999e-47
540.75 9.630757499999998e-47
541 9.629392499999999e-47
541.25 9.630074999999999e-47
541.5 9.630923749999999e-47
541.75 9.63379375e-47
542 9.6375125e-47
542.25 9.64082e-47
542.5 9.64429375e-47
542.75 9.64744375e-47
543 9.65180125e-47
543.25 9.65566875e-47
543.5 9.662143749999999e-47
543.75 9.667026250000001e-47
544 9.673824999999999e-47
544.25 9.679923750000001e-47
544.5 9.68683625e-47
544.75 9.69215625e-47
545 9.697799999999999e-47
545.25 9.704275e-47
545.5 9.710750000000001e-47
545.75 9.71718125e-47
546 9.724093750000001e-47
546.25 9.730507499999998e-47
546.5 9.735923750000001e-47
546.75 9.742031250000001e-47
547 9.74848875e-47
547.25 9.753957500000001e-47
547.5 9.75981125e-47
547.75 9.765831250000001e-47
548 9.77258625e-47
548.25 9.780023750000001e-47
548.5 9.786568749999999e-47
548.75 9.792475e-47
549 9.799781249999999e-47
549.25 9.80660625e-47
549.5 9.81302e-47
549.75 9.820098749999999e-47
550 9.824911249999999e-47
550.25 9.831412499999998e-47
550.5 9.834956249999999e-47
550.75 9.838456250000001e-47
551 9.84449375e-47
551.25 9.85070625e-47
551.5 9.856962499999999e-47
551.75 9.863113749999998e-47
552 9.869562500000001e-47
552.25 9.8758625e-47
552.5 9.8820575e-47
552.75 9.889250000000001e-47
553 9.896250000000001e-47
553.25 9.903704999999999e-47
553.5 9.9105825e-47
553.75 9.917276250000001e-47
554 9.923926249999999e-47
554.25 9.930637500000001e-47
554.5 9.937506249999999e-47
554.75 9.9441125e-47
555 9.951287500000001e-47
555.25 9.956686250000001e-47
555.5 9.964762500000001e-47
555.75 9.970843750000001e-47
556 9.977380000000001e-47
556.25 9.983557499999998e-47
556.5 9.990863749999999e-47
556.75 9.996804999999999e-47
557 1.000330625e-46
557.25 1.00114875e-46
557.5 1.0017875e-46
557.75 1.002421875e-46
558 1.003113125e-46
558.25 1.003758e-46
558.5 1.004423e-46
558.75 1.00502325e-46
559 1.005790625e-46
559.25 1.006481875e-46
559.5 1.0071705e-46
559.75 1.007857375e-46
560 1.008688625e-46
560.25 1.0094245e-46
560.5 1.010141125e-46
560.75 1.010905e-46
561 1.01163125e-46
561.25 1.012405625e-46
561.5 1.013089875e-46
561.75 1.013817e-46
562 1.014549375e-46
562.25 1.01524325e-46
562.5 1.0159975e-46
562.75 1.01670625e-46
563 1.017485e-46
563.25 1.018283875e-46
563.5 1.01906175e-46
563.75 1.019860625e-46
564 1.020677e-46
564.25 1.021489875e-46
564.5 1.02228175e-46
564.75 1.023126125e-46
565 1.0238725e-46
565.25 1.02472825e-46
565.5 1.025539375e-46
565.75 1.02641875e-46
566 1.02719575e-46
566.25 1.0279325e-46
566.5 1.028687625e-46
566.75 1.029527625e-46
567 1.030365e-46
567.25 1.031158625e-46
567.5 1.031975e-46
567.75 1.032782625e-46
568 1.033666375e-46
568.25 1.034385625e-46
568.5 1.035190625e-46
568.75 1.036007e-46
569 1.0368855e-46
569.25 1.03769925e-46
569.5 1.03848675e-46
569.75 1.039346875e-46
570 1.040150125e-46
570.25 1.0410295e-46
570.5 1.04185375e-46
570.75 1.042682375e-46
571 1.04359325e-46
571.25 1.04446825e-46
571.5 1.045317e-46
571.75 1.046171875e-46
572 1.047053875e-46
572.25 1.0478825e-46
572.5 1.04877675e-46
572.75 1.049804875e-46
573 1.050658e-46
573.25 1.051553125e-46
573.5 1.052386125e-46
573.75 1.0532025e-46
574 1.054092375e-46
574.25 1.055009375e-46
574.5 1.055936875e-46
574.75 1.0568075e-46
575 1.057728875e-46
575.25 1.058666875e-46
575.5 1.059524375e-46
575.75 1.060486875e-46
576 1.061382e-46
576.25 1.062322625e-46
576.5 1.06320375e-46
576.75 1.06405075e-46
577 1.065019375e-46
577.25 1.06585325e-46
577.5 1.066732625e-46
577.75 1.067654875e-46
578 1.06856925e-46
578.25 1.06952825e-46
578.5 1.07035075e-46
578.75 1.071266875e-46
579 1.072257375e-46
579.25 1.073174375e-46
579.5 1.074066875e-46
579.75 1.07503375e-46
580 1.07599625e-46
580.25 1.0769745e-46
580.5 1.07792125e-46
580.75 1.078798875e-46
581 1.07972375e-46
581.25 1.08066875e-46
581.5 1.08164175e-46
581.75 1.082591125e-46
582 1.083488875e-46
582.25 1.08444175e-46
582.5 1.085483e-46
582.75 1.0864805e-46
583 1.087429875e-46
583.25 1.0884195e-46
583.5 1.0893645e-46
583.75 1.090305125e-46
584 1.091288625e-46
584.25 1.092321125e-46
584.5 1.09335625e-46
584.75 1.094317e-46
585 1.095303125e-46
585.25 1.09633125e-46
585.5 1.097256125e-46
585.75 1.098276375e-46
586 1.09930625e-46
586.25 1.100245125e-46
586.5 1.10124875e-46
586.75 1.10221825e-46
587 1.10324375e-46
587.25 1.104289375e-46
587.5 1.105304375e-46
587.75 1.106265125e-46
588 1.107273125e-46
588.25 1.10824875e-46
588.5 1.109268125e-46
588.75 1.110232375e-46
589 1.11119575e-46
589.25 1.11216e-46
589.5 1.1130875e-46
589.75 1.11411125e-46
590 1.11512625e-46
590.25 1.116136875e-46
590.5 1.117109875e-46
590.75 1.11811875e-46
591 1.11909e-46
591.25 1.120065625e-46
591.5 1.12111125e-46
591.75 1.122123625e-46
592 1.12314825e-46
592.25 1.124178125e-46
592.5 1.125149375e-46
592.75 1.126173125e-46
593 1.127175e-46
593.25 1.128232e-46
593.5 1.129177e-46
593.75 1.130198125e-46
594 1.131242e-46
594.25 1.132243875e-46
594.5 1.133323625e-46
594.75 1.13429925e-46
595 1.135280125e-46
595.25 1.136298625e-46
595.5 1.137325e-46
595.75 1.138361875e-46
596 1.139413625e-46
596.25 1.140437375e-46
596.5 1.14144625e-46
596.75 1.14247175e-46
597 1.14345e-46
597.25 1.144478125e-46
597.5 1.145493125e-46
597.75 1.146553625e-46
598 1.147612375e-46
598.25 1.148686875e-46
598.5 1.14975175e-46
598.75 1.15075625e-46
599 1.15177125e-46
599.25 1.15283875e-46
599.5 1.153803875e-46
599.75 1.154864375e-46
600 1.155853125e-46
600.25 1.15689875e-46
600.5 1.157902375e-46
600.75 1.158906875e-46
601 1.159965625e-46
601.25 1.160999875e-46
601.5 1.16202625e-46
601.75 1.163057e-46
602 1.164069375e-46
602.25 1.1650975e-46
602.5 1.16616325e-46
602.75 1.1671205e-46
603 1.168120625e-46
603.25 1.1691155e-46
603.5 1.170194375e-46
603.75 1.17117875e-46
604 1.172164875e-46
604.25 1.17316675e-46
604.5 1.17418875e-46
604.75 1.17527375e-46
605 1.176268625e-46
605.25 1.1772775e-46
605.5 1.178270625e-46
605.75 1.179320625e-46
606 1.1803575e-46
606.25 1.181403125e-46
606.5 1.182418125e-46
606.75 1.183531125e-46
607 1.1845225e-46
607.25 1.18557425e-46
607.5 1.186670625e-46
607.75 1.18764625e-46
608 1.188726875e-46
608.25 1.189794375e-46
608.5 1.190903e-46
608.75 1.19189e-46
609 1.192911125e-46
609.25 1.19393925e-46
609.5 1.1950225e-46
609.75 1.196085625e-46
610 1.197083125e-46
610.25 1.198127e-46
610.5 1.199183125e-46
610.75 1.200208625e-46
611 1.20113875e-46
611.25 1.202186125e-46
611.5 1.203192375e-46
611.75 1.20418375e-46
612 1.205267e-46
612.25 1.206216375e-46
612.5 1.207234875e-46
612.75 1.208316375e-46
613 1.209350625e-46
613.25 1.21032625e-46
613.5 1.211291375e-46
613.75 1.212271375e-46
614 1.21331e-46
614.25 1.214266375e-46
614.5 1.21530325e-46
614.75 1.21633575e-46
615 1.2173875e-46
615.25 1.218424375e-46
615.5 1.21933e-46
615.75 1.220316125e-46
616 1.221283e-46
616.25 1.222277e-46
616.5 1.223313875e-46
616.75 1.224328e-46
617 1.225294875e-46
617.25 1.226192625e-46
617.5 1.227111375e-46
617.75 1.228049375e-46
618 1.229004875e-46
618.25 1.230025125e-46
618.5 1.230998125e-46
618.75 1.231976375e-46
619 1.23296425e-46
619.25 1.233925e-46
619.5 1.2348455e-46
619.75 1.235836875e-46
620 1.23684575e-46
620.25 1.23781e-46
620.5 1.238759375e-46
620.75 1.239704375e-46
621 1.240719375e-46
621.25 1.24174575e-46
621.5 1.242679375e-46
621.75 1.243622625e-46
622 1.244560625e-46
622.25 1.24552925e-46
622.5 1.246510125e-46
622.75 1.247505e-46
623 1.2485375e-46
623.25 1.249565625e-46
623.5 1.250515e-46
623.75 1.25148625e-46
624 1.25247325e-46
624.25 1.253510125e-46
624.5 1.254502375e-46
624.75 1.255464875e-46
625 1.25635125e-46
625.25 1.257221875e-46
625.5 1.25803125e-46
625.75 1.258849375e-46
626 1.259750625e-46
626.25 1.260650125e-46
626.5 1.26163625e-46
626.75 1.262611875e-46
627 1.26343e-46
627.25 1.2643645e-46
627.5 1.26526925e-46
627.75 1.266190625e-46
628 1.267107625e-46
628.25 1.268043875e-46
628.5 1.268887375e-46
628.75 1.269953125e-46
629 1.270891125e-46
629.25 1.271774875e-46
629.5 1.27267e-46
629.75 1.273496875e-46
630 1.274382375e-46
630.25 1.27528625e-46
630.5 1.276174375e-46
630.75 1.27708875e-46
631 1.277976875e-46
631.25 1.278795e-46
631.5 1.279711125e-46
631.75 1.28056425e-46
632 1.281457625e-46
632.25 1.28226875e-46
632.5 1.2831e-46
632.75 1.2839295e-46
633 1.284773875e-46
633.25 1.285624375e-46
633.5 1.28646175e-46
633.75 1.2873245e-46
634 1.288163625e-46
634.25 1.289026375e-46
634.5 1.289843625e-46
634.75 1.290692375e-46
635 1.291548125e-46
635.25 1.292416125e-46
635.5 1.29326575e-46
635.75 1.294041875e-46
636 1.294829375e-46
636.25 1.29564925e-46
636.5 1.296393875e-46
636.75 1.29715075e-46
637 1.297947e-46
637.25 1.298786125e-46
637.5 1.29958325e-46
637.75 1.300453e-46
638 1.301225625e-46
638.25 1.30196675e-46
638.5 1.302802375e-46
638.75 1.303570625e-46
639 1.30433625e-46
639.25 1.305119375e-46
639.5 1.305885e-46
639.75 1.306650625e-46
640 1.307387375e-46
640.25 1.30817925e-46
640.5 1.30892125e-46
640.75 1.309781375e-46
641 1.31050325e-46
641.25 1.311200625e-46
641.5 1.3119155e-46
641.75 1.312695125e-46
642 1.313503625e-46
642.25 1.31422375e-46
642.5 1.31502e-46
642.75 1.31564825e-46
643 1.316249375e-46
643.25 1.31708675e-46
643.5 1.317894375e-46
643.75 1.31864425e-46
644 1.319416875e-46
644.25 1.320062625e-46
644.5 1.3205605e-46
644.75 1.3211275e-46
645 1.321781125e-46
645.25 1.3224225e-46
645.5 1.32300875e-46
645.75 1.323702625e-46
646 1.324350125e-46
646.25 1.324999375e-46
646.5 1.325625e-46
646.75 1.32628825e-46
647 1.326878e-46
647.25 1.32758675e-46
647.5 1.328243875e-46
647.75 1.328761875e-46
648 1.329314875e-46
648.25 1.329915125e-46
648.5 1.33056175e-46
648.75 1.331169875e-46
649 1.33178675e-46
649.25 1.332317e-46
649.5 1.332902375e-46
649.75 1.33349125e-46
650 1.33403375e-46
650.25 1.334641875e-46
650.5 1.33525175e-46
650.75 1.335873875e-46
651 1.3363805e-46
651.25 1.33688625e-46
651.5 1.33735e-46
651.75 1.337851375e-46
652 1.338360625e-46
652.25 1.338843625e-46
652.5 1.339338875e-46
652.75 1.339944375e-46
653 1.340453625e-46
653.25 1.340934875e-46
653.5 1.341423125e-46
653.75 1.341809875e-46
654 1.342298125e-46
654.25 1.342754875e-46
654.5 1.3433e-46
654.75 1.343661375e-46
655 1.34415925e-46
655.25 1.34462825e-46
655.5 1.345045625e-46
655.75 1.345507625e-46
656 1.345918e-46
656.25 1.346289875e-46
656.5 1.34674925e-46
656.75 1.347161375e-46
657 1.34759625e-46
657.25 1.34800575e-46
657.5 1.348456375e-46
657.75 1.348886875e-46
658 1.3492675e-46
658.25 1.349742625e-46
658.5 1.350125e-46
658.75 1.35039625e-46
659 1.350685e-46
659.25 1.351091875e-46
659.5 1.3516195e-46
659.75 1.351853125e-46
660 1.35218125e-46
660.25 1.3525575e-46
660.5 1.352834875e-46
660.75 1.353113125e-46
661 1.353422e-46
661.25 1.35372825e-46
661.5 1.354066875e-46
661.75 1.354362625e-46
662 1.3546225e-46
662.25 1.35492875e-46
662.5 1.355165e-46
662.75 1.355526375e-46
663 1.355748625e-46
663.25 1.35599625e-46
663.5 1.35625e-46
663.75 1.356578125e-46
664 1.356735625e-46
664.25 1.356971875e-46
664.5 1.357234375e-46
664.75 1.357454875e-46
665 1.3577445e-46
665.25 1.357888875e-46
665.5 1.3580875e-46
665.75 1.358293125e-46
666 1.358501375e-46
666.25 1.358555625e-46
666.5 1.35877e-46
666.75 1.358942375e-46
667 1.359229375e-46
667.25 1.35948925e-46
667.5 1.359519875e-46
667.75 1.35971325e-46
668 1.3599075e-46
668.25 1.3600125e-46
668.5 1.3602225e-46
668.75 1.360316125e-46
669 1.360491125e-46
669.25 1.360555e-46
669.5 1.360776375e-46
669.75 1.36076675e-46
670 1.36077375e-46
670.25 1.360884875e-46
670.5 1.360909375e-46
670.75 1.361052e-46
671 1.361128125e-46
671.25 1.36102575e-46
671.5 1.36107125e-46
671.75 1.361145625e-46
672 1.361082625e-46
672.25 1.36111325e-46
672.5 1.361152625e-46
672.75 1.361338125e-46
673 1.361311875e-46
673.25 1.36137925e-46
673.5 1.361367e-46
673.75 1.36131625e-46
674 1.36129e-46
674.25 1.3613845e-46
674.5 1.36132325e-46
674.75 1.36131625e-46
675 1.361266375e-46
675.25 1.36119375e-46
675.5 1.361213875e-46
675.75 1.361136875e-46
676 1.361093125e-46
676.25 1.361058125e-46
676.5 1.3609925e-46
676.75 1.360813125e-46
677 1.360681875e-46
677.25 1.36055675e-46
677.5 1.360330125e-46
677.75 1.3603975e-46
678 1.360281125e-46
678.25 1.360121875e-46
678.5 1.360034375e-46
678.75 1.35985675e-46
679 1.359638e-46
679.25 1.35939125e-46
679.5 1.359211875e-46
679.75 1.359043875e-46
680 1.358732375e-46
680.25 1.358616875e-46
680.5 1.358503125e-46
680.75 1.35823625e-46
681 1.358205625e-46
681.25 1.358046375e-46
681.5 1.35791425e-46
681.75 1.357628125e-46
682 1.357377e-46
682.25 1.357066375e-46
682.5 1.3565755e-46
682.75 1.35619575e-46
683 1.355942e-46
683.25 1.35557625e-46
683.5 1.35516675e-46
683.75 1.354740625e-46
684 1.35435125e-46
684.25 1.354066875e-46
684.5 1.353613625e-46
684.75 1.35331175e-46
685 1.352771875e-46
685.25 1.3521795e-46
685.5 1.35171575e-46
685.75 1.35128e-46
686 1.350909875e-46
686.25 1.350593125e-46
686.5 1.35022125e-46
686.75 1.34989575e-46
687 1.349483625e-46
687.25 1.3490225e-46
687.5 1.348440625e-46
687.75 1.34780625e-46
688 1.34736875e-46
688.25 1.346846375e-46
688.5 1.346314375e-46
688.75 1.3457955e-46
689 1.345262625e-46
689.25 1.344802375e-46
689.5 1.344212625e-46
689.75 1.3436325e-46
690 1.342928125e-46
690.25 1.34228325e-46
690.5 1.34165325e-46
690.75 1.341090625e-46
691 1.34057175e-46
691.25 1.340110625e-46
691.5 1.339275e-46
691.75 1.33858375e-46
692 1.337695625e-46
692.25 1.337142625e-46
692.5 1.3366395e-46
692.75 1.335980625e-46
693 1.33521675e-46
693.25 1.3344205e-46
693.5 1.333565625e-46
693.75 1.332699375e-46
694 1.3319495e-46
694.25 1.331028125e-46
694.5 1.330161875e-46
694.75 1.329279875e-46
695 1.328285e-46
695.25 1.327421375e-46
695.5 1.326388875e-46
695.75 1.32551125e-46
696 1.324675625e-46
696.25 1.32380325e-46
696.5 1.3230175e-46
696.75 1.322129375e-46
697 1.321394375e-46
697.25 1.3327475e-46
697.5 1.33207375e-46
697.75 1.33155575e-46
698 1.331231125e-46
698.25 1.330665e-46
698.5 1.3300945e-46
698.75 1.32949075e-46
699 1.328760125e-46
699.25 1.328270125e-46
699.5 1.32780375e-46
699.75 1.327230625e-46
700 1.326590125e-46
700.25 1.325937375e-46
700.5 1.3252575e-46
700.75 1.32439125e-46
701 1.32360375e-46
701.25 1.32291075e-46
701.5 1.322190625e-46
701.75 1.32150375e-46
702 1.320633125e-46
702.25 1.319801875e-46
702.5 1.319163125e-46
702.75 1.318272375e-46
703 1.31738075e-46
703.25 1.31652325e-46
703.5 1.315591375e-46
703.75 1.31470325e-46
704 1.31380375e-46
704.25 1.312758125e-46
704.5 1.31175625e-46
704.75 1.31069575e-46
705 1.30963e-46
705.25 1.308271125e-46
705.5 1.306965625e-46
705.75 1.30573625e-46
706 1.30466e-46
706.25 1.303395625e-46
706.5 1.302118125e-46
706.75 1.300744375e-46
707 1.299095e-46
707.25 1.29745875e-46
707.5 1.29561425e-46
707.75 1.293978e-46
708 1.29203375e-46
708.25 1.290130625e-46
708.5 1.288030625e-46
708.75 1.286123125e-46
709 1.283982e-46
709.25 1.28201675e-46
709.5 1.27987125e-46
709.75 1.27771875e-46
710 1.275376375e-46
710.25 1.2731845e-46
710.5 1.270885e-46
710.75 1.268544375e-46
711 1.265868625e-46
711.25 1.263171875e-46
711.5 1.260511875e-46
711.75 1.2579245e-46
712 1.255006375e-46
712.25 1.252157375e-46
712.5 1.249084375e-46
712.75 1.2460875e-46
713 1.24293925e-46
713.25 1.239872375e-46
713.5 1.236843125e-46
713.75 1.23370625e-46
714 1.23038825e-46
714.25 1.227137625e-46
714.5 1.22383625e-46
714.75 1.22038875e-46
715 1.217087375e-46
715.25 1.213454375e-46
715.5 1.209646375e-46
715.75 1.20623825e-46
716 1.202753125e-46
716.25 1.199237375e-46
716.5 1.1952675e-46
716.75 1.191465625e-46
717 1.18751675e-46
717.25 1.183758625e-46
717.5 1.1796225e-46
717.75 1.175678875e-46
718 1.17161625e-46
718.25 1.167534375e-46
718.5 1.163428e-46
718.75 1.159368875e-46
719 1.155531125e-46
719.25 1.151196375e-46
719.5 1.146935125e-46
719.75 1.14254875e-46
720 1.13832075e-46
720.25 1.133670125e-46
720.5 1.129253125e-46
720.75 1.1250295e-46
721 1.12098175e-46
721.25 1.117048625e-46
721.5 1.113090125e-46
721.75 1.108865625e-46
722 1.10478375e-46
722.25 1.10085325e-46
722.5 1.097306875e-46
722.75 1.093439375e-46
723 1.089431875e-46
723.25 1.0851645e-46
723.5 1.080996875e-46
723.75 1.077087375e-46
724 1.073069375e-46
724.25 1.068932375e-46
724.5 1.06506925e-46
724.75 1.061265625e-46
725 1.057083125e-46
725.25 1.053143e-46
725.5 1.049365625e-46
725.75 1.045393125e-46
726 1.04162625e-46
726.25 1.03786375e-46
726.5 1.034219375e-46
726.75 1.030078875e-46
727 1.02613875e-46
727.25 1.022518e-46
727.5 1.01936625e-46
727.75 1.0164175e-46
728 1.013490625e-46
728.25 1.010610125e-46
728.5 1.008459375e-46
728.75 1.006296375e-46
729 1.004488625e-46
729.25 1.003183125e-46
729.5 1.001945e-46
729.75 1.000521375e-46
730 9.999254999999999e-47
730.25 9.997487499999999e-47
730.5 9.9996575e-47
730.75 1.00002875e-46
731 1.00093875e-46
731.25 1.002518125e-46
731.5 1.00435125e-46
731.75 1.0059e-46
732 1.0082695e-46
732.25 1.0110695e-46
732.5 1.01457125e-46
732.75 1.018777375e-46
733 1.023824375e-46
733.25 1.029284375e-46
733.5 1.03527375e-46
733.75 1.04158075e-46
734 1.04825875e-46
734.25 1.05581875e-46
734.5 1.06398425e-46
734.75 1.07281125e-46
735 1.082353125e-46
735.25 1.0923255e-46
735.5 1.103361875e-46
735.75 1.114938125e-46
736 1.127046375e-46
736.25 1.1396455e-46
736.5 1.153287625e-46
736.75 1.167655125e-46
737 1.182691125e-46
737.25 1.198537375e-46
737.5 1.215213125e-46
737.75 1.232370125e-46
738 1.2499795e-46
738.25 1.26741125e-46
738.5 1.2863725e-46
738.75 1.306333875e-46
739 1.32636175e-46
739.25 1.346426375e-46
739.5 1.366932e-46
739.75 1.387785e-46
740 1.40791175e-46
740.25 1.42790375e-46
740.5 1.449293125e-46
740.75 1.471981875e-46
741 1.4949725e-46
741.25 1.51963e-46
741.5 1.544876375e-46
741.75 1.571493e-46
742 1.5988105e-46
742.25 1.62678425e-46
742.5 1.65723075e-46
742.75 1.68807625e-46
743 1.7011575e-46
743.25 1.71021375e-46
743.5 1.719641875e-46
743.75 1.7299625e-46
744 1.740414375e-46
744.25 1.7501505e-46
744.5 1.760565625e-46
744.75 1.77160375e-46
745 1.78258325e-46
745.25 1.794625e-46
745.5 1.80677175e-46
745.75 1.819400625e-46
746 1.83190175e-46
746.25 1.844826375e-46
746.5 1.858110625e-46
746.75 1.871209375e-46
747 1.884420125e-46
747.25 1.8975425e-46
747.5 1.91061675e-46
747.75 1.9236595e-46
748 1.93693675e-46
748.25 1.94977125e-46
748.5 1.962988125e-46
748.75 1.9762575e-46
749 1.98962925e-46
749.25 2.00232375e-46
749.5 2.014908875e-46
749.75 2.027477375e-46
750 2.040399375e-46
750.25 2.05289875e-46
750.5 2.065501375e-46
750.75 2.077404875e-46
751 2.088627625e-46
751.25 2.100300125e-46
751.5 2.1113225e-46
751.75 2.12209375e-46
752 2.132360125e-46
752.25 2.14238675e-46
752.5 2.152241875e-46
752.75 2.1615545e-46
753 2.170601125e-46
753.25 2.178645e-46
753.5 2.186942625e-46
753.75 2.194675e-46
754 2.202046875e-46
754.25 2.20933125e-46
754.5 2.2161125e-46
754.75 2.223003125e-46
755 2.229303125e-46
755.25 2.235515625e-46
755.5 2.240853125e-46
755.75 2.245928125e-46
756 2.25001875e-46
756.25 2.253825e-46
756.5 2.257478125e-46
756.75 2.259753125e-46
757 2.261546875e-46
757.25 2.262728125e-46
757.5 2.263078125e-46
757.75 2.262575e-46
758 2.261415625e-46
758.25 2.25938125e-46
758.5 2.256428125e-46
758.75 2.253015625e-46
759 2.2486625e-46
759.25 2.2437625e-46
759.5 2.23785625e-46
759.75 2.231621875e-46
760 2.22495e-46
760.25 2.218059375e-46
760.5 2.2101625e-46
760.75 2.20233125e-46
761 2.193646875e-46
761.25 2.184791875e-46
761.5 2.176234375e-46
761.75 2.1675605e-46
762 2.15841325e-46
762.25 2.149466375e-46
762.5 2.140508125e-46
762.75 2.131257625e-46
763 2.121466375e-46
763.25 2.111799375e-46
763.5 2.101841875e-46
763.75 2.091910625e-46
764 2.08229e-46
764.25 2.072555625e-46
764.5 2.062862375e-46
764.75 2.0533205e-46
765 2.043447e-46
765.25 2.034377625e-46
765.5 2.025716875e-46
765.75 2.0173825e-46
766 2.009455e-46
766.25 2.00233425e-46
766.5 1.99586625e-46
766.75 1.98982875e-46
767 1.98393125e-46
767.25 1.978503625e-46
767.5 1.97414e-46
767.75 1.970784375e-46
768 1.967756875e-46
768.25 1.965963125e-46
768.5 1.96463925e-46
768.75 1.96441e-46
769 1.965075e-46
769.25 1.96546875e-46
769.5 1.966556375e-46
769.75 1.96794325e-46
770 1.969594375e-46
770.25 1.972980625e-46
770.5 1.975544375e-46
770.75 1.978057375e-46
771 1.980393625e-46
771.25 1.983636375e-46
771.5 1.98577575e-46
771.75 1.98783375e-46
772 1.9895575e-46
772.25 1.99120425e-46
772.5 1.99168375e-46
772.75 1.992333875e-46
773 1.992171125e-46
773.25 1.978412625e-46
773.5 1.95547625e-46
773.75 1.933231125e-46
774 1.9110875e-46
774.25 1.889409375e-46
774.5 1.86813375e-46
774.75 1.847593125e-46
775 1.82588875e-46
775.25 1.804523e-46
775.5 1.7837575e-46
775.75 1.7627505e-46
776 1.742615e-46
776.25 1.722427e-46
776.5 1.7024875e-46
776.75 1.68275625e-46
777 1.66352375e-46
777.25 1.643858125e-46
777.5 1.625194375e-46
777.75 1.60708625e-46
778 1.58949875e-46
778.25 1.572745125e-46
778.5 1.55645875e-46
778.75 1.54090125e-46
779 1.525551125e-46
779.25 1.5112195e-46
779.5 1.49751e-46
779.75 1.484347375e-46
780 1.47187425e-46
780.25 1.459968125e-46
780.5 1.4485275e-46
780.75 1.4378595e-46
781 1.427601875e-46
781.25 1.4177555e-46
781.5 1.40819875e-46
781.75 1.39902875e-46
782 1.390424875e-46
782.25 1.38192075e-46
782.5 1.373945125e-46
782.75 1.36658375e-46
783 1.359336125e-46
783.25 1.352512e-46
783.5 1.345964375e-46
783.75 1.3400905e-46
784 1.3339725e-46
784.25 1.328278e-46
784.5 1.322880125e-46
784.75 1.318272375e-46
785 1.31363575e-46
785.25 1.30942875e-46
785.5 1.30545625e-46
785.75 1.301689375e-46
786 1.298086125e-46
786.25 1.294995625e-46
786.5 1.2920425e-46
786.75 1.28939825e-46
787 1.287227375e-46
787.25 1.28462075e-46
787.5 1.28263625e-46
787.75 1.28097375e-46
788 1.279551875e-46
788.25 1.278545625e-46
788.5 1.27757e-46
788.75 1.2768805e-46
789 1.27634325e-46
789.25 1.276001125e-46
789.5 1.276095625e-46
789.75 1.2760825e-46
790 1.276445625e-46
790.25 1.277073875e-46
790.5 1.277976875e-46
790.75 1.278998875e-46
791 1.280043625e-46
791.25 1.281217e-46
791.5 1.28243325e-46
791.75 1.28395575e-46
792 1.285907e-46
792.25 1.287451375e-46
792.5 1.289344875e-46
792.75 1.291241875e-46
793 1.29341625e-46
793.25 1.2958925e-46
793.5 1.298388e-46
793.75 1.301085625e-46
794 1.3036205e-46
794.25 1.306353125e-46
794.5 1.309133875e-46
794.75 1.312136875e-46
795 1.315313125e-46
795.25 1.3184745e-46
795.5 1.321649875e-46
795.75 1.3250475e-46
796 1.32842325e-46
796.25 1.331894375e-46
796.5 1.335425e-46
796.75 1.339436875e-46
797 1.343138125e-46
797.25 1.346933e-46
797.5 1.350997375e-46
797.75 1.355090625e-46
798 1.3591305e-46
798.25 1.363228125e-46
798.5 1.367281125e-46
798.75 1.3715275e-46
799 1.375733625e-46
799.25 1.380220625e-46
799.5 1.384455625e-46
799.75 1.389016125e-46
800 1.39333425e-46
800.25 1.3978055e-46
800.5 1.402368625e-46
800.75 1.406988625e-46
801 1.4114625e-46
801.25 1.416191875e-46
801.5 1.4209125e-46
801.75 1.425788e-46
802 1.433044375e-46
802.25 1.438408125e-46
802.5 1.440158125e-46
802.75 1.44419625e-46
803 1.44892125e-46
803.25 1.4535605e-46
803.5 1.4584255e-46
803.75 1.463188125e-46
804 1.467939375e-46
804.25 1.472928625e-46
804.5 1.477553e-46
804.75 1.482537e-46
805 1.487443125e-46
805.25 1.492343125e-46
805.5 1.497195e-46
805.75 1.50216675e-46
806 1.50698625e-46
806.25 1.511759375e-46
806.5 1.51684575e-46
806.75 1.52173e-46
807 1.5267e-46
807.25 1.531705e-46
807.5 1.536584875e-46
807.75 1.541624875e-46
808 1.54664125e-46
808.25 1.551447625e-46
808.5 1.556394875e-46
808.75 1.561455e-46
809 1.5663445e-46
809.25 1.570989875e-46
809.5 1.575809375e-46
809.75 1.5808625e-46
810 1.585611125e-46
810.25 1.59031075e-46
810.5 1.59513375e-46
810.75 1.5998325e-46
811 1.60467125e-46
811.25 1.609384875e-46
811.5 1.6141405e-46
811.75 1.618929375e-46
812 1.62365875e-46
812.25 1.62826125e-46
812.5 1.6331e-46
812.75 1.63751875e-46
813 1.6421475e-46
813.25 1.6469075e-46
813.5 1.651419875e-46
813.75 1.655679375e-46
814 1.66024425e-46
814.25 1.664823125e-46
814.5 1.66919375e-46
814.75 1.673811125e-46
815 1.678168625e-46
815.25 1.682655625e-46
815.5 1.68727825e-46
815.75 1.691729375e-46
816 1.696032625e-46
816.25 1.7004575e-46
816.5 1.705064375e-46
816.75 1.7093825e-46
817 1.713945625e-46
817.25 1.718339875e-46
817.5 1.722455e-46
817.75 1.726711875e-46
818 1.730831375e-46
818.25 1.735076875e-46
818.5 1.739443125e-46
818.75 1.733403e-46
819 1.73768175e-46
819.25 1.74194125e-46
819.5 1.7464125e-46
819.75 1.750853125e-46
820 1.75502425e-46
820.25 1.75926625e-46
820.5 1.763505625e-46
820.75 1.767583125e-46
821 1.771503125e-46
821.25 1.7755395e-46
821.5 1.77958375e-46
821.75 1.783525625e-46
822 1.787625e-46
822.25 1.791615e-46
822.5 1.7954195e-46
822.75 1.7993395e-46
823 1.80325425e-46
823.25 1.807028125e-46
823.5 1.81090875e-46
823.75 1.814694875e-46
824 1.8184775e-46
824.25 1.82210175e-46
824.5 1.825845e-46
824.75 1.82945e-46
825 1.832928125e-46
825.25 1.836673125e-46
825.5 1.840321875e-46
825.75 1.843944375e-46
826 1.847419875e-46
826.25 1.85065825e-46
826.5 1.8540375e-46
826.75 1.857275e-46
827 1.860578125e-46
827.25 1.863927625e-46
827.5 1.867254375e-46
827.75 1.87051375e-46
828 1.873668125e-46
828.25 1.876896875e-46
828.5 1.88015625e-46
828.75 1.883378875e-46
829 1.88633375e-46
829.25 1.889559875e-46
829.5 1.892804375e-46
829.75 1.895726875e-46
830 1.898596875e-46
830.25 1.901641875e-46
830.5 1.90451625e-46
830.75 1.90742825e-46
831 1.910348125e-46
831.25 1.91317e-46
831.5 1.9159245e-46
831.75 1.918581875e-46
832 1.921243625e-46
832.25 1.923998125e-46
832.5 1.92682875e-46
832.75 1.9295045e-46
833 1.932186375e-46
833.25 1.934855125e-46
833.5 1.937278875e-46
833.75 1.93990125e-46
834 1.94235125e-46
834.25 1.9448345e-46
834.5 1.9472775e-46
834.75 1.94984125e-46
835 1.9523595e-46
835.25 1.95489175e-46
835.5 1.957430125e-46
835.75 1.95985825e-46
836 1.962095625e-46
836.25 1.9645325e-46
836.5 1.96686e-46
836.75 1.969123625e-46
837 1.97128575e-46
837.25 1.973540625e-46
837.5 1.975771875e-46
837.75 1.97784825e-46
838 1.979943e-46
838.25 1.982159375e-46
838.5 1.9843775e-46
838.75 1.986516875e-46
839 1.9888645e-46
839.25 1.990872625e-46
839.5 1.99285625e-46
839.75 1.99481625e-46
840 1.9966695e-46
840.25 1.998600625e-46
840.5 2.000490625e-46
840.75 2.002249375e-46
841 2.003897e-46
841.25 2.005626875e-46
841.5 2.007296375e-46
841.75 2.00904375e-46
842 2.010649375e-46
842.25 2.01224625e-46
842.5 2.013998875e-46
842.75 2.015587e-46
843 2.017106875e-46
843.25 2.018587375e-46
843.5 2.020179875e-46
843.75 2.021746125e-46
844 2.023273e-46
844.25 2.024729875e-46
844.5 2.026171875e-46
844.75 2.027528125e-46
845 2.0289675e-46
845.25 2.030373625e-46
845.5 2.031693125e-46
845.75 2.032946125e-46
846 2.03424375e-46
846.25 2.035534375e-46
846.5 2.036601875e-46
846.75 2.037697375e-46
847 2.03864325e-46
847.25 2.03971075e-46
847.5 2.04087625e-46
847.75 2.042075e-46
848 2.043118875e-46
848.25 2.04434125e-46
848.5 2.04530375e-46
848.75 2.0461875e-46
849 2.047128125e-46
849.25 2.048214875e-46
849.5 2.0490295e-46
849.75 2.049770625e-46
850 2.050568625e-46
850.25 2.05141825e-46
850.5 2.0522705e-46
850.75 2.05289875e-46
851 2.0535795e-46
851.25 2.054465e-46
851.5 2.055249875e-46
851.75 2.055911375e-46
852 2.056483625e-46
852.25 2.057096125e-46
852.5 2.05776375e-46
852.75 2.058382375e-46
853 2.058924875e-46
853.25 2.059435e-46
853.5 2.05996175e-46
853.75 2.0604955e-46
854 2.060935625e-46
854.25 2.061530625e-46
854.5 2.061863125e-46
854.75 2.062361875e-46
855 2.062816875e-46
855.25 2.063361125e-46
855.5 2.063789875e-46
855.75 2.064076875e-46
856 2.06430875e-46
856.25 2.06456425e-46
856.5 2.0650525e-46
856.75 2.06512425e-46
857 2.065282625e-46
857.25 2.0656125e-46
857.5 2.065783125e-46
857.75 2.065931875e-46
858 2.066211875e-46
858.25 2.066315125e-46
858.5 2.0663545e-46
858.75 2.066283625e-46
859 2.066175125e-46
859.25 2.066127e-46
859.5 2.06622675e-46
859.75 2.0661095e-46
860 2.0659625e-46
860.25 2.065945e-46
860.5 2.065977375e-46
860.75 2.06578925e-46
861 2.065580125e-46
861.25 2.065501375e-46
861.5 2.065282625e-46
861.75 2.06514875e-46
862 2.06486175e-46
862.25 2.064538875e-46
862.5 2.064339375e-46
862.75 2.06406375e-46
863 2.063858125e-46
863.25 2.0636105e-46
863.5 2.063201875e-46
863.75 2.062832625e-46
864 2.062389875e-46
864.25 2.06206e-46
864.5 2.06164175e-46
864.75 2.061367e-46
865 2.061045e-46
865.25 2.060727375e-46
865.5 2.060356375e-46
865.75 2.05988125e-46
866 2.05934925e-46
866.25 2.058798e-46
866.5 2.058196875e-46
866.75 2.057628125e-46
867 2.057148625e-46
867.25 2.0566e-46
867.5 2.05605925e-46
867.75 2.055405625e-46
868 2.05494625e-46
868.25 2.054327625e-46
868.5 2.05374925e-46
868.75 2.05329075e-46
869 2.05268875e-46
869.25 2.052091125e-46
869.5 2.05142e-46
869.75 2.050820625e-46
870 2.050180125e-46
870.25 2.04945125e-46
870.5 2.04855875e-46
870.75 2.04780625e-46
871 2.04710625e-46
871.25 2.046401875e-46
871.5 2.045708e-46
871.75 2.0451725e-46
872 2.04439375e-46
872.25 2.043556375e-46
872.5 2.0426175e-46
872.75 2.041657625e-46
873 2.040794875e-46
873.25 2.039898875e-46
873.5 2.039177e-46
873.75 2.038323875e-46
874 2.0374025e-46
874.25 2.036545e-46
874.5 2.0356105e-46
874.75 2.03476e-46
875 2.033703875e-46
875.25 2.032778125e-46
875.5 2.031876875e-46
875.75 2.0309205e-46
876 2.02997375e-46
876.25 2.02903925e-46
876.5 2.028075e-46
876.75 2.027293625e-46
877 2.02634075e-46
877.25 2.025373875e-46
877.5 2.024351875e-46
877.75 2.02340425e-46
878 2.022363e-46
878.25 2.02132875e-46
878.5 2.020318125e-46
878.75 2.019373125e-46
879 2.01829425e-46
879.25 2.017337e-46
879.5 2.01626425e-46
879.75 2.015162625e-46
880 2.01417825e-46
880.25 2.013151875e-46
880.5 2.012143e-46
880.75 2.011121875e-46
881 2.010092e-46
881.25 2.008937e-46
881.5 2.007945625e-46
881.75 2.00683175e-46
882 2.005681125e-46
882.25 2.0047055e-46
882.5 2.00372375e-46
882.75 2.002632625e-46
883 2.001542375e-46
883.25 2.00042325e-46
883.5 1.99928575e-46
883.75 1.998040625e-46
884 1.997104375e-46
884.25 1.995875e-46
884.5 1.99485125e-46
884.75 1.99373825e-46
885 1.99261125e-46
885.25 1.991465e-46
885.5 1.990340625e-46
885.75 1.9892005e-46
886 1.98806825e-46
886.25 1.986963125e-46
886.5 1.985841375e-46
886.75 1.9847625e-46
887 1.983515625e-46
887.25 1.982334375e-46
887.5 1.981205625e-46
887.75 1.98001125e-46
888 1.97882825e-46
888.25 1.977598e-46
888.5 1.9764675e-46
888.75 1.97525825e-46
889 1.97406125e-46
889.25 1.97288875e-46
889.5 1.971659375e-46
889.75 1.9704475e-46
890 1.969225125e-46
890.25 1.967958125e-46
890.5 1.966755e-46
890.75 1.96531125e-46
891 1.964108125e-46
891.25 1.962972375e-46
891.5 1.961687e-46
891.75 1.96054425e-46
892 1.9594225e-46
892.25 1.958236875e-46
892.5 1.957143125e-46
892.75 1.95604675e-46
893 1.954868125e-46
893.25 1.953650125e-46
893.5 1.952482e-46
893.75 1.951306875e-46
894 1.95019125e-46
894.25 1.949017e-46
894.5 1.947789375e-46
894.75 1.946728875e-46
895 1.94570425e-46
895.25 1.9445895e-46
895.5 1.943440625e-46
895.75 1.942332e-46
896 1.9413205e-46
896.25 1.94018125e-46
896.5 1.939021875e-46
896.75 1.937882625e-46
897 1.936844875e-46
897.25 1.93578e-46
897.5 1.9347055e-46
897.75 1.93375875e-46
898 1.93258625e-46
898.25 1.931496875e-46
898.5 1.930488875e-46
898.75 1.929538625e-46
899 1.928504375e-46
899.25 1.92745175e-46
899.5 1.92639825e-46
899.75 1.925370125e-46
900 1.924377e-46
900.25 1.92346175e-46
900.5 1.92241875e-46
900.75 1.921476375e-46
901 1.9204325e-46
901.25 1.91943675e-46
901.5 1.918518e-46
901.75 1.9175555e-46
902 1.916586875e-46
902.25 1.915515e-46
902.5 1.914528875e-46
902.75 1.913587375e-46
903 1.912770125e-46
903.25 1.91188375e-46
903.5 1.91093875e-46
903.75 1.909963125e-46
904 1.90905575e-46
904.25 1.90816675e-46
904.5 1.907355625e-46
904.75 1.906596125e-46
905 1.905715e-46
905.25 1.904875e-46
905.5 1.904035e-46
905.75 1.903253625e-46
906 1.902334875e-46
906.25 1.901655e-46
906.5 1.90075375e-46
906.75 1.900086125e-46
907 1.89916125e-46
907.25 1.898302e-46
907.5 1.897580125e-46
907.75 1.89680925e-46
908 1.895971875e-46
908.25 1.895306875e-46
908.5 1.89458325e-46
908.75 1.893880625e-46
909 1.893226125e-46
909.25 1.892788625e-46
909.5 1.892254875e-46
909.75 1.891491875e-46
910 1.890807625e-46
910.25 1.890256375e-46
910.5 1.889761125e-46
910.75 1.88909e-46
911 1.888488875e-46
911.25 1.8880505e-46
911.5 1.887535125e-46
911.75 1.8869025e-46
912 1.8864195e-46
912.25 1.885820125e-46
912.5 1.885246125e-46
912.75 1.884728125e-46
913 1.884229375e-46
913.25 1.883958125e-46
913.5 1.88358625e-46
913.75 1.883118125e-46
914 1.8828075e-46
914.25 1.882538875e-46
914.5 1.8821425e-46
914.75 1.88180825e-46
915 1.881569375e-46
915.25 1.88141625e-46
915.5 1.881159875e-46
915.75 1.880841375e-46
916 1.880510625e-46
916.25 1.88015625e-46
916.5 1.879861375e-46
916.75 1.879541125e-46
917 1.879339875e-46
917.25 1.879187625e-46
917.5 1.879045e-46
917.75 1.878928625e-46
918 1.87878075e-46
918.25 1.87861625e-46
918.5 1.878417625e-46
918.75 1.878552375e-46
919 1.878540125e-46
919.25 1.878508625e-46
919.5 1.87858125e-46
919.75 1.8784675e-46
920 1.878552375e-46
920.25 1.878583875e-46
920.5 1.878611875e-46
920.75 1.878820125e-46
921 1.87870375e-46
921.25 1.8789575e-46
921.5 1.87890325e-46
921.75 1.8789855e-46
922 1.87902925e-46
922.25 1.87916925e-46
922.5 1.879248875e-46
922.75 1.879392375e-46
923 1.879625125e-46
923.25 1.879698625e-46
923.5 1.879943625e-46
923.75 1.880305e-46
924 1.88082125e-46
924.25 1.881037375e-46
924.5 1.88130425e-46
924.75 1.881637625e-46
925 1.882085625e-46
925.25 1.882372625e-46
925.5 1.882568625e-46
925.75 1.88286e-46
926 1.883224875e-46
926.25 1.883588875e-46
926.5 1.883916125e-46
926.75 1.884365e-46
927 1.884971375e-46
927.25 1.885139375e-46
927.5 1.88551125e-46
927.75 1.8859855e-46
928 1.8865805e-46
928.25 1.8869795e-46
928.5 1.887389875e-46
928.75 1.887853625e-46
929 1.88829375e-46
929.25 1.888866875e-46
929.5 1.889253625e-46
929.75 1.8898495e-46
930 1.8902625e-46
930.25 1.890877625e-46
930.5 1.89152425e-46
930.75 1.892034375e-46
931 1.892473625e-46
931.25 1.89292425e-46
931.5 1.893593625e-46
931.75 1.894118625e-46
932 1.894710125e-46
932.25 1.895103e-46
932.5 1.89573125e-46
932.75 1.89622825e-46
933 1.896785625e-46
933.25 1.897212625e-46
933.5 1.897763e-46
933.75 1.89833875e-46
934 1.899106125e-46
934.25 1.89963375e-46
934.5 1.900322375e-46
934.75 1.901048625e-46
935 1.901641875e-46
935.25 1.90237075e-46
935.5 1.90317925e-46
935.75 1.903804875e-46
936 1.90446375e-46
936.25 1.905236375e-46
936.5 1.906060625e-46
936.75 1.90651825e-46
937 1.907395e-46
937.25 1.9082175e-46
937.5 1.9087775e-46
937.75 1.90953875e-46
938 1.91017925e-46
938.25 1.910787375e-46
938.5 1.911483875e-46
938.75 1.912196125e-46
939 1.912929375e-46
939.25 1.91361625e-46
939.5 1.914415125e-46
939.75 1.9151055e-46
940 1.91550625e-46
940.25 1.91624825e-46
940.5 1.916805625e-46
940.75 1.91737175e-46
941 1.917810125e-46
941.25 1.91847425e-46
941.5 1.9194175e-46
941.75 1.91961e-46
942 1.920069375e-46
942.25 1.920480625e-46
942.5 1.92087e-46
942.75 1.921383625e-46
943 1.92197075e-46
943.25 1.922302375e-46
943.5 1.922694375e-46
943.75 1.92311e-46
944 1.923516875e-46
944.25 1.92381e-46
944.5 1.9241705e-46
944.75 1.9247375e-46
945 1.925032375e-46
945.25 1.92532375e-46
945.5 1.925511875e-46
945.75 1.92585575e-46
946 1.92624425e-46
946.25 1.926365e-46
946.5 1.926423625e-46
946.75 1.926563625e-46
947 1.92679375e-46
947.25 1.9270545e-46
947.5 1.927104375e-46
947.75 1.927044875e-46
948 1.927078125e-46
948.25 1.927142e-46
948.5 1.926868125e-46
948.75 1.9268725e-46
949 1.926785e-46
949.25 1.92654175e-46
949.5 1.926308125e-46
949.75 1.92612e-46
950 1.92579625e-46
950.25 1.92549e-46
950.5 1.92493875e-46
950.75 1.92456075e-46
951 1.92409875e-46
951.25 1.9237575e-46
951.5 1.923254375e-46
951.75 1.9228405e-46
952 1.922265625e-46
952.25 1.921406375e-46
952.5 1.9206775e-46
952.75 1.92000375e-46
953 1.919271375e-46
953.25 1.91817325e-46
953.5 1.917251875e-46
953.75 1.916212375e-46
954 1.915522e-46
954.25 1.91432675e-46
954.5 1.91317875e-46
954.75 1.911860125e-46
955 1.910558125e-46
955.25 1.909112625e-46
955.5 1.907460625e-46
955.75 1.906016875e-46
956 1.904468125e-46
956.25 1.90285375e-46
956.5 1.901057375e-46
956.75 1.89938e-46
957 1.897774375e-46
957.25 1.8957155e-46
957.5 1.893723125e-46
957.75 1.8917605e-46
958 1.8896325e-46
958.25 1.8874275e-46
958.5 1.885051875e-46
958.75 1.88278125e-46
959 1.880309375e-46
959.25 1.8777605e-46
959.5 1.8753e-46
959.75 1.872810625e-46
960 1.870308125e-46
960.25 1.867403125e-46
960.5 1.864613625e-46
960.75 1.861656125e-46
961 1.858941875e-46
961.25 1.85602375e-46
961.5 1.85304e-46
961.75 1.85014375e-46
962 1.847013875e-46
962.25 1.843802625e-46
962.5 1.84045575e-46
962.75 1.836996875e-46
963 1.833295625e-46
963.25 1.829541875e-46
963.5 1.825910625e-46
963.75 1.82219625e-46
964 1.818429375e-46
964.25 1.8144175e-46
964.5 1.810538625e-46
964.75 1.806345625e-46
965 1.8021745e-46
965.25 1.797772375e-46
965.5 1.79360125e-46
965.75 1.78930675e-46
966 1.78485125e-46
966.25 1.780443e-46
966.5 1.77584575e-46
966.75 1.771168875e-46
967 1.76650425e-46
967.25 1.761615625e-46
967.5 1.75650825e-46
967.75 1.751577625e-46
968 1.74641075e-46
968.25 1.741105625e-46
968.5 1.7358145e-46
968.75 1.73050675e-46
969 1.725056375e-46
969.25 1.719746875e-46
969.5 1.714243125e-46
969.75 1.708693875e-46
970 1.703216375e-46
970.25 1.697513125e-46
970.5 1.691606875e-46
970.75 1.685502e-46
971 1.67944e-46
971.25 1.673217e-46
971.5 1.666895125e-46
971.75 1.660589875e-46
972 1.65438e-46
972.25 1.647982e-46
972.5 1.64143e-46
972.75 1.63478875e-46
973 1.628123e-46
973.25 1.62162175e-46
973.5 1.614841375e-46
973.75 1.607946375e-46
974 1.601012e-46
974.25 1.593993625e-46
974.5 1.586921875e-46
974.75 1.579939375e-46
975 1.572764375e-46
975.25 1.56548875e-46
975.5 1.558031125e-46
975.75 1.550565625e-46
976 1.543255e-46
976.25 1.535900625e-46
976.5 1.5282925e-46
976.75 1.520456875e-46
977 1.5126825e-46
977.25 1.504880125e-46
977.5 1.496865125e-46
977.75 1.48898925e-46
978 1.48108625e-46
978.25 1.4730975e-46
978.5 1.4650125e-46
978.75 1.456846125e-46
979 1.448615e-46
979.25 1.440236875e-46
979.5 1.431826375e-46
979.75 1.42335375e-46
980 1.41500625e-46
980.25 1.406383125e-46
980.5 1.39779325e-46
980.75 1.3892025e-46
981 1.3804945e-46
981.25 1.37195625e-46
981.5 1.36319925e-46
981.75 1.35446675e-46
982 1.34574125e-46
982.25 1.33701925e-46
982.5 1.328369875e-46
982.75 1.31952625e-46
983 1.310719375e-46
983.25 1.301951875e-46
983.5 1.293296375e-46
983.75 1.28459625e-46
984 1.275813e-46
984.25 1.26748125e-46
984.5 1.259195e-46
984.75 1.250920125e-46
985 1.24290075e-46
985.25 1.2353355e-46
985.5 1.227970625e-46
985.75 1.2207055e-46
986 1.213618e-46
986.25 1.207234875e-46
986.5 1.20148175e-46
986.75 1.196845125e-46
987 1.19318675e-46
987.25 1.1921805e-46
987.5 1.194141375e-46
987.75 1.201458125e-46
988 1.214250625e-46
988.25 1.23682125e-46
988.5 1.273866125e-46
988.75 1.33213325e-46
989 1.427682375e-46
989.25 1.585423e-46
989.5 1.847692e-46
989.75 2.2967e-46
990 3.075275e-46
990.25 4.417328125e-46
990.5 6.8854625e-46
990.75 1.146798625e-45
991 2.180136875e-45
991.25 5.921846874999999e-45
991.5 5.597615625e-44
991.75 4.437103125e-44
992 5.53879375e-45
992.25 2.089889375e-45
992.5 1.1145295e-45
992.75 6.671371875000001e-46
993 4.239790625e-46
993.25 2.917840625e-46
993.5 2.1419895e-46
993.75 1.67922125e-46
994 1.401595125e-46
994.25 1.22801875e-46
994.5 1.116259375e-46
994.75 1.042540625e-46
995 9.90108875e-47
995.25 9.506962500000001e-47
995.5 9.220093749999999e-47
995.75 9.011607500000001e-47
996 8.857012500000001e-47
996.25 8.753517500000001e-47
996.5 8.674181250000001e-47
996.75 8.63655625e-47
997 8.667334375e-47
997.25 8.719856250000001e-47
997.5 8.868142500000001e-47
997.75 9.313123750000002e-47
998 1.149448125e-46
998.25 2.354275e-46
998.5 1.5274875e-45
998.75 1.351532e-44
999 4.872896875000001e-46
999.25 1.5074325e-46
999.5 9.495823749999999e-47
999.75 8.485596875e-47
1000 8.1624375e-47
1000.25 7.93856875e-47
1000.5 7.768096875000001e-47
1000.75 7.645728125e-47
1001 7.546175e-47
1001.25 7.473878124999999e-47
1001.5 7.418315625e-47
1001.75 7.370628125e-47
1002 7.345778125e-47
1002.25 7.335584375e-47
1002.5 7.33105625e-47
1002.75 7.34260625e-47
1003 7.36386875e-47
1003.25 7.401625e-47
1003.5 7.454190625e-47
1003.75 7.5179125e-47
1004 7.599484375e-47
1004.25 7.697025e-47
1004.5 7.839518749999999e-47
1004.75 7.995312500000001e-47
1005 8.18313125e-47
1005.25 8.43469375e-47
1005.5 8.796654999999998e-47
1005.75 9.227023749999999e-47
1006 9.809729999999999e-47
1006.25 1.0560375e-46
1006.5 1.14867375e-46
1006.75 1.276837625e-46
1007 1.44415075e-46
1007.25 1.65491375e-46
1007.5 1.939602e-46
1007.75 2.296525e-46
1008 2.777446875e-46
1008.25 3.442621875e-46
1008.5 4.37731875e-46
1008.75 5.703140625e-46
1009 7.6090875e-46
1009.25 1.030098125e-45
1009.5 1.420951875e-45
1009.75 2.058599375e-45
1010 3.544690625e-45
1010.25 9.164111250000001e-45
1010.5 4.32971875e-44
1010.75 4.6545625e-43
1011 1.38040875e-42
1011.25 7.961953124999999e-44
1011.5 4.015134374999999e-44
1011.75 6.527959375000001e-44
1012 2.3347625e-43
1012.25 4.013690625e-41
1012.5 2.681371875e-43
1012.75 6.882203125e-44
1013 3.40956875e-44
1013.25 2.3876125e-44
1013.5 2.188221875e-44
1013.75 2.5223625e-44
1014 3.83446875e-44
1014.25 8.390506249999999e-44
1014.5 3.786540625e-43
1014.75 1.41833125e-41
1015 2.199684375e-43
1015.25 6.296784375e-44
1015.5 2.98571875e-44
1015.75 1.80490625e-44
1016 1.286068875e-44
1016.25 1.01475325e-44
1016.5 8.149575e-45
1016.75 8.058378124999999e-45
1017 1.572519375e-44
1017.25 6.15951875e-44
1017.5 3.58728125e-43
1017.75 1.0029075e-41
1018 1.6155895e-42
1018.25 1.5384145e-43
1018.5 3.232403125e-44
1018.75 7.487834375000001e-45
1019 3.9556125e-45
1019.25 3.857503125e-45
1019.5 4.19409375e-45
1019.75 4.654890625e-45
1020 5.085084375e-45
1020.25 7.274968750000001e-45
1020.5 6.479703125e-44
1020.75 2.763228125e-44
1021 9.49379375e-45
1021.25 9.51435625e-45
1021.5 1.237075e-44
1021.75 1.9203695e-44
1022 3.664784375e-44
1022.25 8.8270875e-44
1022.5 2.737196875e-43
1022.75 4.5269875e-42
1023 1.221045e-42
1023.25 1.96444675e-43
1023.5 9.050518749999999e-42
1023.75 3.426434375e-44
1024 1
