domain units: Hz
measurement data type: Positive<double>
segment length (sec): 4
sampling rate (Hz): 2048
domain bounds (Hz): [0, 1024.25)
support bounds (Hz): [22, 1024)support indexes: [88, 4096)
---------------
domainValue measuredValue
0 1
0.25 1
0.5 1
0.75 1
1 1
1.25 1
1.5 1
1.75 1
2 1
2.25 1
2.5 1
2.75 1
3 1
3.25 1
3.5 1
3.75 1
4 1
4.25 1
4.5 1
4.75 1
5 1
5.25 1
5.5 1
5.75 1
6 1
6.25 1
6.5 1
6.75 1
7 1
7.25 1
7.5 1
7.75 1
8 1
8.25 1
8.5 1
8.75 1
9 1
9.25 1
9.5 1
9.75 1
10 1
10.25 1
10.5 1
10.75 1
11 1
11.25 1
11.5 1
11.75 1
12 1
12.25 1
12.5 1
12.75 1
13 1
13.25 1
13.5 1
13.75 1
14 1
14.25 1
14.5 1
14.75 1
15 1
15.25 1
15.5 1
15.75 1
16 1
16.25 1
16.5 1
16.75 1
17 1
17.25 1
17.5 1
17.75 1
18 1
18.25 1
18.5 1
18.75 1
19 1
19.25 1
19.5 1
19.75 1
20 1
20.25 1
20.5 1
20.75 1
21 1
21.25 1
21.5 1
21.75 1
22 2.412615625e-44
22.25 2.159961125e-44
22.5 1.9361825e-44
22.75 1.73685575e-44
23 1.5618925e-44
23.25 1.407529375e-44
23.5 1.270318e-44
23.75 1.14900625e-44
24 1.041079375e-44
24.25 9.455880000000001e-45
24.5 8.600550000000001e-45
24.75 7.835340625e-45
25 7.149953125e-45
25.25 6.538109375e-45
25.5 5.992021875e-45
25.75 5.509853125e-45
26 5.06821875e-45
26.25 4.667621875e-45
26.5 4.302790625e-45
26.75 3.976284375e-45
27 3.675503125e-45
27.25 3.404865625e-45
27.5 3.157371875e-45
27.75 2.93190625e-45
28 2.7202e-45
28.25 2.526825e-45
28.5 2.35090625e-45
28.75 2.19275e-45
29 2.050136375e-45
29.25 1.9211675e-45
29.5 1.803449375e-45
29.75 1.694406875e-45
30 1.594061875e-45
30.25 1.50228575e-45
30.5 1.41808625e-45
30.75 1.341011875e-45
31 1.26987e-45
31.25 1.204494375e-45
31.5 1.144240125e-45
31.75 1.0885875e-45
32 1.035908125e-45
32.25 9.872056250000001e-46
32.5 9.420705000000001e-46
32.75 9.00221875e-46
33 8.70489375e-46
33.25 8.405709375e-46
33.5 8.1844e-46
33.75 8.0934e-46
34 8.232350000000001e-46
34.25 8.875693750000001e-46
34.5 1.051686125e-45
34.75 1.463868875e-45
35 2.572259375e-45
35.25 5.708106250000001e-45
35.5 1.49980075e-44
35.75 1.3580595e-43
36 4.519134375e-43
36.25 6.213418749999999e-44
36.5 4.565246875000001e-43
36.75 3.524893750000001e-42
37 1.094177e-43
37.25 1.400233625e-44
37.5 2.683646875e-45
37.75 6.525946875e-46
38 5.197128125e-46
38.25 4.689825e-46
38.5 4.46543125e-46
38.75 4.200896875e-46
39 4.112368749999999e-46
39.25 4.0824875e-46
39.5 4.154303125e-46
39.75 4.43069375e-46
40 5.15003125e-46
40.25 6.737084375e-46
40.5 1.09984e-45
40.75 3.6318625e-45
41 1.77576875e-44
41.25 1.929500125e-45
41.5 8.312171875000001e-46
41.75 5.51355e-46
42 4.17353125e-46
42.25 3.544581249999999e-46
42.5 3.231965625e-46
42.75 3.05843125e-46
43 2.949690625e-46
43.25 2.872603125e-46
43.5 2.81299375e-46
43.75 2.762396875e-46
44 2.717290625e-46
44.25 2.671440625e-46
44.5 2.632984375e-46
44.75 2.597875e-46
45 2.563925e-46
45.25 2.531484375e-46
45.5 2.499065625e-46
45.75 2.468046875e-46
46 2.43849375e-46
46.25 2.4093125e-46
46.5 2.380853125e-46
46.75 2.353378125e-46
47 2.326253125e-46
47.25 2.298996875e-46
47.5 2.272265625e-46
47.75 2.2456875e-46
48 2.219853125e-46
48.25 2.194565625e-46
48.5 2.1699405e-46
48.75 2.145381875e-46
49 2.120713e-46
49.25 2.09601e-46
49.5 2.07232375e-46
49.75 2.049464375e-46
50 2.02741875e-46
50.25 2.005434375e-46
50.5 1.98411325e-46
50.75 1.963268125e-46
51 1.942758125e-46
51.25 1.922591125e-46
51.5 1.902943e-46
51.75 1.883553e-46
52 1.86462675e-46
52.25 1.846061875e-46
52.5 1.82765625e-46
52.75 1.809576125e-46
53 1.792013125e-46
53.25 1.774478125e-46
53.5 1.757385e-46
53.75 1.740221875e-46
54 1.723701875e-46
54.25 1.707295625e-46
54.5 1.69089375e-46
54.75 1.674761375e-46
55 1.661358125e-46
55.25 1.64865575e-46
55.5 1.636075e-46
55.75 1.625185625e-46
56 1.6165275e-46
56.25 1.6114525e-46
56.5 1.610723625e-46
56.75 1.61582925e-46
57 1.6297575e-46
57.25 1.660155e-46
57.5 1.7154445e-46
57.75 1.810631375e-46
58 1.995275625e-46
58.25 2.326253125e-46
58.5 2.941028125e-46
58.75 4.14833125e-46
59 6.0633125e-46
59.25 9.84692625e-46
59.5 2.05534e-45
59.75 8.10184375e-45
60 1.126853875e-42
60.25 7.167365625e-45
60.5 1.917545e-45
60.75 9.2882125e-46
61 5.704934375e-46
61.25 3.850875e-46
61.5 2.70773125e-46
61.75 2.109832375e-46
62 1.7804325e-46
62.25 1.58375875e-46
62.5 1.4670075e-46
62.75 1.3931995e-46
63 1.341795e-46
63.25 1.30589375e-46
63.5 1.278615625e-46
63.75 1.257132625e-46
64 1.240257375e-46
64.25 1.2257805e-46
64.5 1.21318925e-46
64.75 1.19950425e-46
65 1.189727e-46
65.25 1.1812395e-46
65.5 1.172871875e-46
65.75 1.1645375e-46
66 1.156432375e-46
66.25 1.14845325e-46
66.5 1.140342e-46
66.75 1.13252125e-46
67 1.124661125e-46
67.25 1.11706875e-46
67.5 1.109416875e-46
67.75 1.10194e-46
68 1.09445e-46
68.25 1.087025625e-46
68.5 1.07969925e-46
68.75 1.07260125e-46
69 1.065467375e-46
69.25 1.05835625e-46
69.5 1.051509375e-46
69.75 1.04467825e-46
70 1.0380405e-46
70.25 1.031457e-46
70.5 1.024900625e-46
70.75 1.018469375e-46
71 1.0122525e-46
71.25 1.006145e-46
71.5 9.999937500000001e-47
71.75 9.9392125e-47
72 9.88003625e-47
72.25 9.834518750000001e-47
72.5 9.786525000000001e-47
72.75 9.735713750000001e-47
73 9.68723e-47
73.25 9.642517500000001e-47
73.5 9.601226249999999e-47
73.75 9.565893749999999e-47
74 9.537587499999999e-47
74.25 9.518232500000002e-47
74.5 9.509675000000001e-47
74.75 9.517506249999999e-47
75 9.547536249999999e-47
75.25 9.607963750000001e-47
75.5 9.716017500000001e-47
75.75 9.8895125e-47
76 1.015422625e-46
76.25 1.053213e-46
76.5 1.109618125e-46
76.75 1.19862925e-46
77 1.346303875e-46
77.25 1.5356775e-46
77.5 1.79176375e-46
77.75 2.21265625e-46
78 2.9260875e-46
78.25 4.10974375e-46
78.5 5.869521875000001e-46
78.75 6.69475625e-46
79 4.794890625e-46
79.25 3.299275e-46
79.5 2.400759375e-46
79.75 1.867222e-46
80 1.553733125e-46
80.25 1.343836375e-46
80.5 1.17502e-46
80.75 1.063348125e-46
81 9.898682499999999e-47
81.25 9.39080625e-47
81.5 9.013129999999999e-47
81.75 8.728234374999999e-47
82 8.518103124999999e-47
82.25 8.354675e-47
82.5 8.23449375e-47
82.75 8.139665625e-47
83 8.060784375000001e-47
83.25 7.993475000000001e-47
83.5 7.937168749999999e-47
83.75 7.887228125e-47
84 7.841924999999999e-47
84.25 7.801215624999999e-47
84.5 7.7630875e-47
84.75 7.7259875e-47
85 7.67921875e-47
85.25 7.645662500000001e-47
85.5 7.6169625e-47
85.75 7.58874375e-47
86 7.5607875e-47
86.25 7.533903125e-47
86.5 7.50771875e-47
86.75 7.4808125e-47
87 7.454059375e-47
87.25 7.428925000000001e-47
87.5 7.404403124999999e-47
87.75 7.3787e-47
88 7.353784375e-47
88.25 7.329459375e-47
88.5 7.30555e-47
88.75 7.281903125e-47
89 7.259174999999999e-47
89.25 7.237278125e-47
89.5 7.214090625e-47
89.75 7.191734375e-47
90 7.169378125e-47
90.25 7.14765625e-47
90.5 7.12630625e-47
90.75 7.104496875e-47
91 7.0837375e-47
91.25 7.063415625e-47
91.5 7.042612499999999e-47
91.75 7.022465625e-47
92 7.003915625000001e-47
92.25 6.983812500000001e-47
92.5 6.964234375e-47
92.75 6.9449625e-47
93 6.9251875e-47
93.25 6.906199999999999e-47
93.5 6.88778125e-47
93.75 6.8700625e-47
94 6.8520375e-47
94.25 6.834078125e-47
94.5 6.816184375e-47
94.75 6.797634375e-47
95 6.78033125e-47
95.25 6.763268750000001e-47
95.5 6.745593749999999e-47
95.75 6.728859375e-47
96 6.71199375e-47
96.25 6.695587499999999e-47
96.5 6.67961875e-47
96.75 6.662971875e-47
97 6.646784375e-47
97.25 6.6304875e-47
97.5 6.61495625e-47
97.75 6.59938125e-47
98 6.584790625e-47
98.25 6.56915e-47
98.5 6.553728125000001e-47
98.75 6.538196875e-47
99 6.52334375e-47
99.25 6.508184375e-47
99.5 6.493396875e-47
99.75 6.47819375e-47
100 6.463953124999999e-47
100.25 6.449515624999999e-47
100.5 6.43549375e-47
100.75 6.420640625e-47
101 6.40705625e-47
101.25 6.392640625e-47
101.5 6.378640625e-47
101.75 6.3651875e-47
102 6.351559375e-47
102.25 6.338346875e-47
102.5 6.325440624999999e-47
102.75 6.31124375e-47
103 6.298534375e-47
103.25 6.284753125e-47
103.5 6.272875e-47
103.75 6.260296875e-47
104 6.24754375e-47
104.25 6.234659375000001e-47
104.5 6.223262500000001e-47
104.75 6.21201875e-47
105 6.199965624999999e-47
105.25 6.186928125e-47
105.5 6.1747875e-47
105.75 6.162384375e-47
106 6.151446874999999e-47
106.25 6.1408375e-47
106.5 6.129265624999999e-47
106.75 6.117671875e-47
107 6.106515625e-47
107.25 6.096978125e-47
107.5 6.086696875e-47
107.75 6.07560625e-47
108 6.0648e-47
108.25 6.054409375e-47
108.5 6.0440625e-47
108.75 6.033715625e-47
109 6.023215625e-47
109.25 6.013525e-47
109.5 6.0029375e-47
109.75 5.992940624999999e-47
110 5.983053125e-47
110.25 5.9730125e-47
110.5 5.962884374999999e-47
110.75 5.95258125e-47
111 5.942759375e-47
111.25 5.933243749999999e-47
111.5 5.923509375e-47
111.75 5.9140375e-47
112 5.904675e-47
112.25 5.895224999999999e-47
112.5 5.88643125e-47
112.75 5.877265625e-47
113 5.868056250000001e-47
113.25 5.85939375e-47
113.5 5.850775e-47
113.75 5.84180625e-47
114 5.833165625e-47
114.25 5.82456875e-47
114.5 5.815753125e-47
114.75 5.80724375e-47
115 5.7988e-47
115.25 5.7906625e-47
115.5 5.782240625000001e-47
115.75 5.77416875e-47
116 5.76620625e-47
116.25 5.758571875e-47
116.5 5.75071875e-47
116.75 5.742778125e-47
117 5.73549375e-47
117.25 5.72775e-47
117.5 5.720903125e-47
117.75 5.7134875e-47
118 5.706378125e-47
118.25 5.700034375e-47
118.5 5.694456249999999e-47
118.75 5.68876875e-47
119 5.685225e-47
119.25 5.680565625e-47
119.5 5.674725000000001e-47
119.75 5.66855625e-47
120 1.203708625e-44
120.25 5.655409375000001e-47
120.5 5.647621874999999e-47
120.75 5.639790625e-47
121 5.631609374999999e-47
121.25 5.622268750000001e-47
121.5 5.613890625e-47
121.75 5.606321875e-47
122 5.59969375e-47
122.25 5.5934375e-47
122.5 5.587268749999999e-47
122.75 5.580946875e-47
123 5.574843750000001e-47
123.25 5.5691125e-47
123.5 5.56325e-47
123.75 5.557650000000001e-47
124 5.55174375e-47
124.25 5.546187499999999e-47
124.5 5.540346875000001e-47
124.75 5.534965625000001e-47
125 5.5293e-47
125.25 5.523984375e-47
125.5 5.5185375e-47
125.75 5.513046875e-47
126 5.50795e-47
126.25 5.502853124999999e-47
126.5 5.497909375e-47
126.75 5.492681249999999e-47
127 5.4877375e-47
127.25 5.482793749999999e-47
127.5 5.478068749999999e-47
127.75 5.4728625e-47
128 5.467896874999999e-47
128.25 5.463084375e-47
128.5 5.458534375e-47
128.75 5.453940625000001e-47
129 5.449259375e-47
129.25 5.444818750000001e-47
129.5 5.440575e-47
129.75 5.435784375e-47
130 5.431496875e-47
130.25 5.427165625000001e-47
130.5 5.422878124999999e-47
130.75 5.41883125e-47
131 5.414259375e-47
131.25 5.40999375e-47
131.5 5.405575000000001e-47
131.75 5.401834375e-47
132 5.397721875e-47
132.25 5.393959375e-47
132.5 5.390240625e-47
132.75 5.3864125e-47
133 5.3825625e-47
133.25 5.378800000000001e-47
133.5 5.37516875e-47
133.75 5.371843750000001e-47
134 5.36795e-47
134.25 5.364821875000001e-47
134.5 5.361409375e-47
134.75 5.3575375e-47
135 5.3540375e-47
135.25 5.35084375e-47
135.5 5.347190625e-47
135.75 5.343821875e-47
136 5.340278125e-47
136.25 5.337128125000001e-47
136.5 5.33413125e-47
136.75 5.330653125e-47
137 5.327175e-47
137.25 5.323784375000001e-47
137.5 5.320678125e-47
137.75 5.3176375e-47
138 5.314575e-47
138.25 5.311228125e-47
138.5 5.30796875e-47
138.75 5.305190625000001e-47
139 5.302434374999999e-47
139.25 5.299678124999999e-47
139.5 5.296834375000001e-47
139.75 5.2938375e-47
140 5.2913e-47
140.25 5.288084375e-47
140.5 5.285262500000001e-47
140.75 5.282725e-47
141 5.280275e-47
141.25 5.277409375e-47
141.5 5.27480625e-47
141.75 5.272378125e-47
142 5.269775e-47
142.25 5.267018750000001e-47
142.5 5.264240625e-47
142.75 5.26176875e-47
143 5.259340625e-47
143.25 5.256671875000001e-47
143.5 5.254396875e-47
143.75 5.251771875e-47
144 5.249321875e-47
144.25 5.24685e-47
144.5 5.244509375000001e-47
144.75 5.241971875e-47
145 5.239565625e-47
145.25 5.236940625e-47
145.5 5.2345125e-47
145.75 5.231756250000001e-47
146 5.229415625e-47
146.25 5.2268125e-47
146.5 5.2245375e-47
146.75 5.222109375e-47
147 5.220096875e-47
147.25 5.21801875e-47
147.5 5.215918750000001e-47
147.75 5.21381875e-47
148 5.211740625e-47
148.25 5.209531250000001e-47
148.5 5.207715625e-47
148.75 5.205746875e-47
149 5.20366875e-47
149.25 5.201678125e-47
149.5 5.199840625e-47
149.75 5.198046875e-47
150 5.195990625000001e-47
150.25 5.193846874999999e-47
150.5 5.191987499999999e-47
150.75 5.190062500000001e-47
151 5.18809375e-47
151.25 5.186125e-47
151.5 5.184287500000001e-47
151.75 5.182471875000001e-47
152 5.18056875e-47
152.25 5.178840625000001e-47
152.5 5.177003125e-47
152.75 5.175143749999999e-47
153 5.173371875e-47
153.25 5.171971875e-47
153.5 5.170440625e-47
153.75 5.168778125e-47
154 5.167203125e-47
154.25 5.165803125e-47
154.5 5.16438125e-47
154.75 5.162806249999999e-47
155 5.161209375e-47
155.25 5.15948125e-47
155.5 5.15799375e-47
155.75 5.1562875e-47
156 5.15475625e-47
156.25 5.153421875000001e-47
156.5 5.1522625e-47
156.75 5.150425e-47
157 5.149178125e-47
157.25 5.14775625e-47
157.5 5.146268750000001e-47
157.75 5.144584375e-47
158 5.143315625e-47
158.25 5.142528125000001e-47
158.5 5.1407125e-47
158.75 5.13944375e-47
159 5.137978125e-47
159.25 5.137037500000001e-47
159.5 5.135615624999999e-47
159.75 5.134128125e-47
160 5.133056250000001e-47
160.25 5.131875e-47
160.5 5.130409374999999e-47
160.75 5.12911875e-47
161 5.12785e-47
161.25 5.12675625e-47
161.5 5.125225e-47
161.75 5.124109375000001e-47
162 5.122884375000001e-47
162.25 5.121615625e-47
162.5 5.120675e-47
162.75 5.119646874999999e-47
163 5.11870625e-47
163.25 5.11748125e-47
163.5 5.116715625e-47
163.75 5.115928125e-47
164 5.11485625e-47
164.25 5.113653125e-47
164.5 5.112756249999999e-47
164.75 5.111815625e-47
165 5.11083125e-47
165.25 5.109934375e-47
165.5 5.109475e-47
165.75 5.108884375e-47
166 5.107834375e-47
166.25 5.107046875000001e-47
166.5 5.105953125e-47
166.75 5.105384375e-47
167 5.104553125e-47
167.25 5.1037875e-47
167.5 5.103328125e-47
167.75 5.102715625e-47
168 5.10216875e-47
168.25 5.101446875e-47
168.5 5.100768749999999e-47
168.75 5.100134374999999e-47
169 5.09945625e-47
169.25 5.098953124999999e-47
169.5 5.098296875e-47
169.75 5.097596875e-47
170 5.097465625e-47
170.25 5.0973125e-47
170.5 5.096962499999999e-47
170.75 5.09691875e-47
171 5.096984375e-47
171.25 5.0974e-47
171.5 5.09805625e-47
171.75 5.098625e-47
172 5.099565625e-47
172.25 5.100725e-47
172.5 5.102146875e-47
172.75 5.1036125e-47
173 5.105603125e-47
173.25 5.108228125e-47
173.5 5.110546875000001e-47
173.75 5.113871875e-47
174 5.117721875e-47
174.25 5.122621875e-47
174.5 5.128309374999999e-47
174.75 5.134696875e-47
175 5.144059375e-47
175.25 5.154975e-47
175.5 5.169543750000001e-47
175.75 5.187503125e-47
176 5.208853125e-47
176.25 5.23490625e-47
176.5 5.264065625e-47
176.75 5.293575e-47
177 5.330740625000001e-47
177.25 5.3795875e-47
177.5 5.44280625e-47
177.75 5.526959375e-47
178 5.64694375e-47
178.25 5.81879375e-47
178.5 6.08015625e-47
178.75 6.53156875e-47
179 7.366340625e-47
179.25 9.221082500000002e-47
179.5 1.46350925e-46
179.75 4.492621875e-46
180 6.677693750000001e-45
180.25 3.30439375e-46
180.5 1.29517325e-46
180.75 8.68809375e-47
181 7.132846875e-47
181.25 6.405284375e-47
181.5 6.007640625e-47
181.75 5.7689625e-47
182 5.61211875e-47
182.25 5.502678125e-47
182.5 5.422221875e-47
182.75 5.3620875e-47
183 5.31615e-47
183.25 5.281806250000001e-47
183.5 5.252428125e-47
183.75 5.22335625e-47
184 5.198090625e-47
184.25 5.178140625e-47
184.5 5.161406249999999e-47
184.75 5.148740625e-47
185 5.137825e-47
185.25 5.129096875000001e-47
185.5 5.121528125e-47
185.75 5.115775e-47
186 5.11126875e-47
186.25 5.10776875e-47
186.5 5.104421875e-47
186.75 5.101556250000001e-47
187 5.099718749999999e-47
187.25 5.098340625e-47
187.5 5.097093749999999e-47
187.75 5.096240625000001e-47
188 5.0955625e-47
188.25 5.09613125e-47
188.5 5.09586875e-47
188.75 5.095409375e-47
189 5.0941625e-47
189.25 5.093571875e-47
189.5 5.09350625e-47
189.75 5.093440625e-47
190 5.093571875e-47
190.25 5.094118750000001e-47
190.5 5.0943375e-47
190.75 5.09473125e-47
191 5.095015625e-47
191.25 5.095650000000001e-47
191.5 5.096284375e-47
191.75 5.09691875e-47
192 5.09753125e-47
192.25 5.097990625e-47
192.5 5.098471875e-47
192.75 5.099171875e-47
193 5.09998125e-47
193.25 5.100528125e-47
193.5 5.101184374999999e-47
193.75 5.101884375e-47
194 5.1025625e-47
194.25 5.103174999999999e-47
194.5 5.1037875e-47
194.75 5.10444375e-47
195 5.105428125e-47
195.25 5.106259374999999e-47
195.5 5.10706875e-47
195.75 5.10820625e-47
196 5.109321875000001e-47
196.25 5.11e-47
196.5 5.1109625e-47
196.75 5.11196875e-47
197 5.113040625e-47
197.25 5.114265625e-47
197.5 5.115140625e-47
197.75 5.115971874999999e-47
198 5.11704375e-47
198.25 5.11800625e-47
198.5 5.118925e-47
198.75 5.120215625e-47
199 5.121353125e-47
199.25 5.12229375e-47
199.5 5.1230375e-47
199.75 5.124196875e-47
200 5.1251375e-47
200.25 5.12614375e-47
200.5 5.127106250000001e-47
200.75 5.1282875e-47
201 5.129621875e-47
201.25 5.130540625e-47
201.5 5.131853125e-47
201.75 5.133034375e-47
202 5.13419375e-47
202.25 5.135746875e-47
202.5 5.13681875e-47
202.75 5.138153125e-47
203 5.13935625e-47
203.25 5.14084375e-47
203.5 5.1422e-47
203.75 5.143884375e-47
204 5.145328124999999e-47
204.25 5.1464875e-47
204.5 5.1475375e-47
204.75 5.14889375e-47
205 5.150096875e-47
205.25 5.151321875e-47
205.5 5.152853125e-47
205.75 5.154121875e-47
206 5.15580625e-47
206.25 5.157446875e-47
206.5 5.158759375e-47
206.75 5.159962500000001e-47
207 5.161778125000001e-47
207.25 5.163178125e-47
207.5 5.164403125000001e-47
207.75 5.16560625e-47
208 5.166787499999999e-47
208.25 5.167946875e-47
208.5 5.169259375e-47
208.75 5.170571875e-47
209 5.172234375e-47
209.25 5.173875e-47
209.5 5.175275e-47
209.75 5.176828124999999e-47
210 5.178709375e-47
210.25 5.180284375e-47
210.5 5.18196875e-47
210.75 5.183434375e-47
211 5.185184375e-47
211.25 5.186475e-47
211.5 5.18809375e-47
211.75 5.189559375e-47
212 5.191396874999999e-47
212.25 5.19290625e-47
212.5 5.194590625e-47
212.75 5.196450000000001e-47
213 5.19815625e-47
213.25 5.20008125e-47
213.5 5.201765625e-47
213.75 5.203340625000001e-47
214 5.2052875e-47
214.25 5.20690625e-47
214.5 5.209049999999999e-47
214.75 5.210471875000001e-47
215 5.21224375e-47
215.25 5.2140375e-47
215.5 5.215918750000001e-47
215.75 5.21775625e-47
216 5.219440625e-47
216.25 5.22116875e-47
216.5 5.22300625e-47
216.75 5.22493125e-47
217 5.2266375e-47
217.25 5.228409375e-47
217.5 5.230334374999999e-47
217.75 5.2320625e-47
218 5.233615625e-47
218.25 5.235387500000001e-47
218.5 5.237246875000001e-47
218.75 5.239521875e-47
219 5.241315625e-47
219.25 5.243262499999999e-47
219.5 5.245318750000001e-47
219.75 5.247440625e-47
220 5.249540625000001e-47
220.25 5.251290625e-47
220.5 5.25336875e-47
220.75 5.255599999999999e-47
221 5.257765625e-47
221.25 5.2600625e-47
221.5 5.26211875e-47
221.75 5.264153125000001e-47
222 5.266078125e-47
222.25 5.268178125e-47
222.5 5.27016875e-47
222.75 5.272575e-47
223 5.27485e-47
223.25 5.27695e-47
223.5 5.27909375e-47
223.75 5.280953125e-47
224 5.283446875000001e-47
224.25 5.28583125e-47
224.5 5.288215625e-47
224.75 5.290359375e-47
225 5.29265625e-47
225.25 5.2948e-47
225.5 5.297075e-47
225.75 5.299590625e-47
226 5.30184375e-47
226.25 5.304184375e-47
226.5 5.3067e-47
226.75 5.309303125e-47
227 5.311840624999999e-47
227.25 5.314115624999999e-47
227.5 5.31685e-47
227.75 5.318862499999999e-47
228 5.321465625e-47
228.25 5.324025e-47
228.5 5.32651875e-47
228.75 5.329078125e-47
229 5.331878125e-47
229.25 5.33474375e-47
229.5 5.337171875e-47
229.75 5.33973125e-47
230 5.342443750000001e-47
230.25 5.345134375e-47
230.5 5.347978125e-47
230.75 5.351740625000001e-47
231 5.353621875e-47
231.25 5.35644375e-47
231.5 5.359331250000001e-47
231.75 5.362240625e-47
232 5.365587500000001e-47
232.25 5.368190625e-47
232.5 5.370903125000001e-47
232.75 5.37368125e-47
233 5.376459375e-47
233.25 5.379653125e-47
233.5 5.38251875e-47
233.75 5.385646875000001e-47
234 5.3879875e-47
234.25 5.390875e-47
234.5 5.39389375e-47
234.75 5.396475e-47
235 5.399384375e-47
235.25 5.402293749999999e-47
235.5 5.404896875e-47
235.75 5.407696875e-47
236 5.4105625e-47
236.25 5.41349375e-47
236.5 5.416512500000001e-47
236.75 5.41961875e-47
237 5.422440625e-47
237.25 5.42539375e-47
237.5 5.428171875e-47
237.75 5.430840625e-47
238 5.433903125e-47
238.25 5.436834375e-47
238.5 5.440115625e-47
238.75 5.443090624999999e-47
239 5.445825e-47
239.25 5.449040625e-47
239.5 5.452190625e-47
239.75 5.45540625e-47
240 5.45895e-47
240.25 5.46205625e-47
240.5 5.465425e-47
240.75 5.468575e-47
241 5.471965625e-47
241.25 5.475334375e-47
241.5 5.478703125e-47
241.75 5.482115625e-47
242 5.485703125e-47
242.25 5.489006249999999e-47
242.5 5.492221874999999e-47
242.75 5.495634375e-47
243 5.499265625e-47
243.25 5.50265625e-47
243.5 5.50585e-47
243.75 5.509175e-47
244 5.512696875e-47
244.25 5.51639375e-47
244.5 5.52015625e-47
244.75 5.524006249999999e-47
245 5.527090625e-47
245.25 5.53013125e-47
245.5 5.53380625e-47
245.75 5.537809375e-47
246 5.541025e-47
246.25 5.5446125e-47
246.5 5.547959375e-47
246.75 5.551503124999999e-47
247 5.555440625e-47
247.25 5.559290625e-47
247.5 5.562725e-47
247.75 5.5664875e-47
248 5.570009375e-47
248.25 5.573859375e-47
248.5 5.5775125e-47
248.75 5.581296875e-47
249 5.5846875e-47
249.25 5.588559375e-47
249.5 5.592453125000001e-47
249.75 5.5965e-47
250 5.600568750000001e-47
250.25 5.604265625e-47
250.5 5.608115625000001e-47
250.75 5.6121625e-47
251 5.616646875000001e-47
251.25 5.6202125e-47
251.5 5.62428125e-47
251.75 5.62830625e-47
252 5.632659375e-47
252.25 5.636640625e-47
252.5 5.64064375e-47
252.75 5.64466875e-47
253 5.648846874999999e-47
253.25 5.653090625e-47
253.5 5.6569625e-47
253.75 5.660965625e-47
254 5.665034375e-47
254.25 5.669321875e-47
254.5 5.673653125e-47
254.75 5.677918750000001e-47
255 5.68203125e-47
255.25 5.686690625e-47
255.5 5.690978125e-47
255.75 5.69603125e-47
256 5.702134375e-47
256.25 5.70465e-47
256.5 5.708434374999999e-47
256.75 5.712240625e-47
257 5.71655e-47
257.25 5.721012500000001e-47
257.5 5.7252125e-47
257.75 5.729215625e-47
258 5.733459375e-47
258.25 5.737965625e-47
258.5 5.74275625e-47
258.75 5.747196875e-47
259 5.751878125e-47
259.25 5.756625e-47
259.5 5.761415625000001e-47
259.75 5.76555e-47
260 5.770078125000001e-47
260.25 5.77451875e-47
260.5 5.779834375000001e-47
260.75 5.784275000000001e-47
261 5.788584375e-47
261.25 5.793375e-47
261.5 5.7981875e-47
261.75 5.802978125e-47
262 5.807353125e-47
262.25 5.811903125e-47
262.5 5.816846875e-47
262.75 5.821812500000001e-47
263 5.826821875e-47
263.25 5.83218125e-47
263.5 5.83751875e-47
263.75 5.8419375e-47
264 5.8466625e-47
264.25 5.851496875e-47
264.5 5.855696875e-47
264.75 5.8599625e-47
265 5.8646e-47
265.25 5.869128125e-47
265.5 5.874115625e-47
265.75 5.878840625e-47
266 5.883675000000001e-47
266.25 5.888640625e-47
266.5 5.8933e-47
266.75 5.898353125e-47
267 5.902684375000001e-47
267.25 5.907890625e-47
267.5 5.912703124999999e-47
267.75 5.917690624999999e-47
268 5.92248125e-47
268.25 5.926987499999999e-47
268.5 5.9322375e-47
268.75 5.937509375e-47
269 5.942453125e-47
269.25 5.947703125000001e-47
269.5 5.952690625e-47
269.75 5.957896875e-47
270 5.9630375e-47
270.25 5.967915624999999e-47
270.5 5.973165625e-47
270.75 5.977890625e-47
271 5.983053125e-47
271.25 5.988128124999999e-47
271.5 5.992984375e-47
271.75 5.997928125e-47
272 6.0029375e-47
272.25 6.008734375e-47
272.5 6.013853125e-47
272.75 6.019278125e-47
273 6.023325e-47
273.25 6.02791875e-47
273.5 6.03290625e-47
273.75 6.038003125e-47
274 6.04288125e-47
274.25 6.048196875e-47
274.5 6.054234375e-47
274.75 6.059221875e-47
275 6.064646875e-47
275.25 6.06974375e-47
275.5 6.074665624999999e-47
275.75 6.079675e-47
276 6.084903125e-47
276.25 6.089671875e-47
276.5 6.09485625e-47
276.75 6.099734375e-47
277 6.104809375000001e-47
277.25 6.109643749999999e-47
277.5 6.11489375e-47
277.75 6.119706250000001e-47
278 6.12478125e-47
278.25 6.129987499999999e-47
278.5 6.13589375e-47
278.75 6.14123125e-47
279 6.14700625e-47
279.25 6.1550125e-47
279.5 6.16100625e-47
279.75 6.1644625e-47
280 6.170521875000001e-47
280.25 6.176428125000001e-47
280.5 6.182093750000001e-47
280.75 6.188393749999999e-47
281 6.1947375e-47
281.25 6.201103125e-47
281.5 6.20799375e-47
281.75 6.21429375e-47
282 6.220528125e-47
282.25 6.226521875e-47
282.5 6.23315e-47
282.75 6.2398875e-47
283 6.246690625e-47
283.25 6.253865625e-47
283.5 6.260646875e-47
283.75 6.26775625e-47
284 6.275106249999999e-47
284.25 6.28158125e-47
284.5 6.289346875e-47
284.75 6.297134375e-47
285 6.30459375e-47
285.25 6.31203125e-47
285.5 6.319534375e-47
285.75 6.326775e-47
286 6.334015625e-47
286.25 6.340971875e-47
286.5 6.349109375e-47
286.75 6.35639375e-47
287 6.363590625e-47
287.25 6.370853125e-47
287.5 6.378509375e-47
287.75 6.3868875e-47
288 6.394915625e-47
288.25 6.402790625e-47
288.5 6.411146875e-47
288.75 6.419699999999999e-47
289 6.428690624999999e-47
289.25 6.436828125e-47
289.5 6.445796875e-47
289.75 6.454153125e-47
290 6.462378125e-47
290.25 6.47031875e-47
290.5 6.4784125e-47
290.75 6.487665625e-47
291 6.497225e-47
291.25 6.505428125e-47
291.5 6.51441875e-47
291.75 6.5226e-47
292 6.531546875e-47
292.25 6.540340625e-47
292.5 6.549790625e-47
292.75 6.558825e-47
293 6.567596875e-47
293.25 6.576499999999999e-47
293.5 6.585359375e-47
293.75 6.594459374999999e-47
294 6.601809375e-47
294.25 6.611193750000001e-47
294.5 6.623859375e-47
294.75 6.635693750000001e-47
295 6.646871875e-47
295.25 6.659821874999999e-47
295.5 6.6749375e-47
295.75 6.693137499999999e-47
296 6.717462499999999e-47
296.25 6.742946875e-47
296.5 6.773834375e-47
296.75 6.813646875e-47
297 6.855340625e-47
297.25 6.90396875e-47
297.5 6.964606249999999e-47
297.75 7.049590625e-47
298 7.168721875e-47
298.25 7.344575e-47
298.5 7.610071875e-47
298.75 8.139490625000001e-47
299 9.530254999999999e-47
299.25 1.467547375e-46
299.5 5.37158125e-46
299.75 4.130371875e-45
300 2.510659375e-46
300.25 1.17476625e-46
300.5 9.105048749999999e-47
300.75 8.336234375e-47
301 8.109346874999999e-47
301.25 8.0353e-47
301.5 8.045953125e-47
301.75 8.11916875e-47
302 8.25755e-47
302.25 8.479296875000001e-47
302.5 8.8627875e-47
302.75 9.8062825e-47
303 1.489490625e-46
303.25 2.450328125e-45
303.5 2.734396875e-46
303.75 1.15029425e-46
304 9.93113625e-47
304.25 9.637845e-47
304.5 9.596676249999999e-47
304.75 9.667612500000001e-47
305 9.790725e-47
305.25 9.955531250000001e-47
305.5 1.014621125e-46
305.75 1.035594875e-46
306 1.058563625e-46
306.25 1.083698875e-46
306.5 1.11094375e-46
306.75 1.139928125e-46
307 1.1705155e-46
307.25 1.2037375e-46
307.5 1.239581875e-46
307.75 1.27785875e-46
308 1.3180055e-46
308.25 1.361539375e-46
308.5 1.40693875e-46
308.75 1.455041875e-46
309 1.507034375e-46
309.25 1.56333625e-46
309.5 1.625341375e-46
309.75 1.689359875e-46
310 1.757597625e-46
310.25 1.831003125e-46
310.5 1.9103175e-46
310.75 1.9944645e-46
311 2.084282375e-46
311.25 2.1786275e-46
311.5 2.278609375e-46
311.75 2.38100625e-46
312 2.485590625e-46
312.25 2.596540625e-46
312.5 2.710334375e-46
312.75 2.82673125e-46
313 2.945075e-46
313.25 3.06525625e-46
313.5 3.183840625e-46
313.75 3.300565625e-46
314 3.41403125e-46
314.25 3.526578125e-46
314.5 3.63820625e-46
314.75 3.74031875e-46
315 3.8376625e-46
315.25 3.926278125e-46
315.5 4.010803125000001e-46
315.75 4.08848125e-46
316 4.156840625e-46
316.25 4.21575e-46
316.5 4.26216875e-46
316.75 4.3021125e-46
317 4.33125e-46
317.25 4.3449e-46
317.5 4.353803125e-46
317.75 4.346825000000001e-46
318 4.327334375e-46
318.25 4.288484375e-46
318.5 4.243028125e-46
318.75 4.18324375e-46
319 4.110815625e-46
319.25 4.028215625e-46
319.5 3.934328125e-46
319.75 3.82851875e-46
320 3.71476875e-46
320.25 3.59625e-46
320.5 3.47309375e-46
320.75 3.3460875e-46
321 3.215646875e-46
321.25 3.08525e-46
321.5 2.949165625e-46
321.75 2.817784375e-46
322 2.689203125e-46
322.25 2.561234375e-46
322.5 2.436875e-46
322.75 2.314790625e-46
323 2.199684375e-46
323.25 2.08861625e-46
323.5 1.982229375e-46
323.75 1.87876325e-46
324 1.7810695e-46
324.25 1.689177e-46
324.5 1.60372625e-46
324.75 1.521384375e-46
325 1.444498125e-46
325.25 1.37039e-46
325.5 1.301734875e-46
325.75 1.236834375e-46
326 1.178043125e-46
326.25 1.123091375e-46
326.5 1.0723755e-46
326.75 1.026713625e-46
327 9.852981249999999e-47
327.25 9.491081249999999e-47
327.5 9.189118750000001e-47
327.75 8.954688750000001e-47
328 8.796462500000001e-47
328.25 8.740309375e-47
328.5 8.76624875e-47
328.75 8.933487500000001e-47
329 9.269855e-47
329.25 9.88717625e-47
329.5 1.08731875e-46
329.75 1.24724075e-46
330 1.494450125e-46
330.25 1.90006075e-46
330.5 2.569525e-46
330.75 3.7310875e-46
331 5.992984374999999e-46
331.25 1.108281125e-45
331.5 2.777184375e-45
331.75 1.726738125e-44
332 5.697365625000001e-44
332.25 4.015746875e-45
332.5 1.36705625e-45
332.75 6.933215625e-46
333 4.159290625e-46
333.25 2.781625e-46
333.5 1.998497375e-46
333.75 1.53552e-46
334 1.244614875e-46
334.25 1.055690125e-46
334.5 9.40281125e-47
334.75 8.654974999999999e-47
335 8.224759375e-47
335.25 8.012790625e-47
335.5 7.932815625e-47
335.75 7.920390624999999e-47
336 8.014671875e-47
336.25 8.194921875000001e-47
336.5 8.44711875e-47
336.75 8.729459374999999e-47
337 9.07589375e-47
337.25 9.464280000000001e-47
337.5 9.901981249999999e-47
337.75 1.038877e-46
338 1.089963875e-46
338.25 1.1445525e-46
338.5 1.20182125e-46
338.75 1.261288875e-46
339 1.32344625e-46
339.25 1.38782e-46
339.5 1.454840625e-46
339.75 1.524035625e-46
340 1.59656175e-46
340.25 1.666931875e-46
340.5 1.732882375e-46
340.75 1.797795125e-46
341 1.863295e-46
341.25 1.929057375e-46
341.5 1.987958875e-46
341.75 2.04169875e-46
342 2.09125875e-46
342.25 2.1373275e-46
342.5 2.177370125e-46
342.75 2.211496875e-46
343 2.239409375e-46
343.25 2.259753125e-46
343.5 2.274715625e-46
343.75 2.28375e-46
344 2.288409375e-46
344.25 2.288453125e-46
344.5 2.284034375e-46
344.75 2.274759375e-46
345 2.261459375e-46
345.25 2.244375e-46
345.5 2.22376875e-46
345.75 2.20031875e-46
346 2.173810625e-46
346.25 2.14571e-46
346.5 2.11571675e-46
346.75 2.083508875e-46
347 2.049891375e-46
347.25 2.01517925e-46
347.5 1.979761875e-46
347.75 1.94381075e-46
348 1.907924375e-46
348.25 1.87227075e-46
348.5 1.837261125e-46
348.75 1.80295675e-46
349 1.76831375e-46
349.25 1.73448625e-46
349.5 1.701774375e-46
349.75 1.670018e-46
350 1.63919875e-46
350.25 1.60937e-46
350.5 1.5808275e-46
350.75 1.552893125e-46
351 1.526511875e-46
351.25 1.501292625e-46
351.5 1.477128625e-46
351.75 1.453948125e-46
352 1.43087175e-46
352.25 1.408682625e-46
352.5 1.38698875e-46
352.75 1.365811125e-46
353 1.34511125e-46
353.25 1.325128875e-46
353.5 1.305742375e-46
353.75 1.28721075e-46
354 1.269027375e-46
354.25 1.25172075e-46
354.5 1.234898875e-46
354.75 1.21866675e-46
355 1.202789875e-46
355.25 1.18756575e-46
355.5 1.172730125e-46
355.75 1.158390625e-46
356 1.1445175e-46
356.25 1.13105125e-46
356.5 1.11786675e-46
356.75 1.105146875e-46
357 1.092921375e-46
357.25 1.080893625e-46
357.5 1.06952125e-46
357.75 1.05847175e-46
358 1.047556125e-46
358.25 1.03704125e-46
358.5 1.02712575e-46
358.75 1.01771425e-46
359 1.0085845e-46
359.25 9.99817e-47
359.5 9.9132425e-47
359.75 9.830869999999999e-47
360 9.75163e-47
360.25 9.675251249999999e-47
360.5 9.601068750000001e-47
360.75 9.528251249999999e-47
361 9.4580325e-47
361.25 9.391199999999999e-47
361.5 9.327001250000001e-47
361.75 9.263817499999999e-47
362 9.202550000000001e-47
362.25 9.142498750000001e-47
362.5 9.0851075e-47
362.75 9.029763750000001e-47
363 8.976773750000001e-47
363.25 8.924956249999999e-47
363.5 8.875282500000001e-47
363.75 8.827061249999999e-47
364 8.781631249999999e-47
364.25 8.737049999999999e-47
364.5 8.694065625e-47
364.75 8.653181250000001e-47
365 8.613215625e-47
365.25 8.5752625e-47
365.5 8.538250000000001e-47
365.75 8.502746875e-47
366 8.469825000000001e-47
366.25 8.437778124999999e-47
366.5 8.407743750000001e-47
366.75 8.37865e-47
367 8.351e-47
367.25 8.324159375e-47
367.5 8.299178125000001e-47
367.75 8.2756625e-47
368 8.252934375000001e-47
368.25 8.231190625e-47
368.5 8.209534375000001e-47
368.75 8.190021875000001e-47
369 8.171209375e-47
369.25 8.152790624999999e-47
369.5 8.135859375000001e-47
369.75 8.119825e-47
370 8.104446874999999e-47
370.25 8.090053125e-47
370.5 8.076928125000001e-47
370.75 8.064656250000001e-47
371 8.053128125000001e-47
371.25 8.042234375e-47
371.5 8.032500000000001e-47
371.75 8.023268749999999e-47
372 8.014584375e-47
372.25 8.006906250000001e-47
372.5 7.999534374999999e-47
372.75 7.992753125e-47
373 7.98665e-47
373.25 7.981006250000001e-47
373.5 7.97715625e-47
373.75 7.973743750000001e-47
374 7.970046874999999e-47
374.25 7.96775e-47
374.5 7.965846875000001e-47
374.75 7.9646875e-47
375 7.963659374999999e-47
375.25 7.963528125e-47
375.5 7.963396875000001e-47
375.75 7.96324375e-47
376 7.963987500000001e-47
376.25 7.964774999999999e-47
376.5 7.966043749999999e-47
376.75 7.967946875000001e-47
377 7.970112500000001e-47
377.25 7.972103125e-47
377.5 7.975121874999999e-47
377.75 7.978271875000001e-47
378 7.981378125e-47
378.25 7.98476875e-47
378.5 7.98861875e-47
378.75 7.99246875e-47
379 7.99631875e-47
379.25 8.000759374999999e-47
379.5 8.006884375000001e-47
379.75 8.0101e-47
380 8.0152625e-47
380.25 8.019199999999999e-47
380.5 8.023990625e-47
380.75 8.028081249999999e-47
381 8.032303124999999e-47
381.25 8.037575000000001e-47
381.5 8.043503125e-47
381.75 8.049081249999999e-47
382 8.0541125e-47
382.25 8.05905625e-47
382.5 8.063693749999999e-47
382.75 8.06806875e-47
383 8.072728125e-47
383.25 8.077628125e-47
383.5 8.082528124999999e-47
383.75 8.0871875e-47
384 8.092109375e-47
384.25 8.097096875e-47
384.5 8.1018875e-47
384.75 8.10613125e-47
385 8.110375000000001e-47
385.25 8.11475e-47
385.5 8.119475e-47
385.75 8.124090625e-47
386 8.129493750000001e-47
386.25 8.134700000000001e-47
386.5 8.13946875e-47
386.75 8.144040625e-47
387 8.149290625e-47
387.25 8.154956249999999e-47
387.5 8.159725e-47
387.75 8.165171875e-47
388 8.169218749999999e-47
388.25 8.1739e-47
388.5 8.178625e-47
388.75 8.183765625e-47
389 8.1888625e-47
389.25 8.193871874999999e-47
389.5 8.199078125000001e-47
389.75 8.203803125e-47
390 8.208878125e-47
390.25 8.213821875e-47
390.5 8.218875e-47
390.75 8.223971875e-47
391 8.229003125e-47
391.25 8.233399999999999e-47
391.5 8.23843125e-47
391.75 8.243396875e-47
392 8.24849375e-47
392.25 8.254093749999999e-47
392.5 8.259453125e-47
392.75 8.2642875e-47
393 8.269340625000001e-47
393.25 8.274415624999999e-47
393.5 8.279534375e-47
393.75 8.284653125e-47
394 8.289465625000001e-47
394.25 8.294474999999999e-47
394.5 8.299374999999999e-47
394.75 8.304865624999999e-47
395 8.309678124999999e-47
395.25 8.314709375000001e-47
395.5 8.319696875e-47
395.75 8.324465625e-47
396 8.330065625e-47
396.25 8.335096875e-47
396.5 8.340281250000001e-47
396.75 8.345509375e-47
397 8.350803124999999e-47
397.25 8.3561625e-47
397.5 8.361128124999999e-47
397.75 8.366334374999999e-47
398 8.371409374999999e-47
398.25 8.377053125000001e-47
398.5 8.382040625e-47
398.75 8.387203124999999e-47
399 8.392496874999999e-47
399.25 8.3978125e-47
399.5 8.403040625e-47
399.75 8.408421875e-47
400 8.413671875e-47
400.25 8.4188125e-47
400.5 8.423515624999999e-47
400.75 8.428721875000001e-47
401 8.434190625000001e-47
401.25 8.43889375e-47
401.5 8.444340625000001e-47
401.75 8.449481250000001e-47
402 8.4546875e-47
402.25 8.460046875000001e-47
402.5 8.46545e-47
402.75 8.470590625e-47
403 8.47608125e-47
403.25 8.481637500000001e-47
403.5 8.486756249999999e-47
403.75 8.492268749999999e-47
404 8.4975625e-47
404.25 8.503053125e-47
404.5 8.50854375e-47
404.75 8.5140125e-47
405 8.519284374999999e-47
405.25 8.524578125000001e-47
405.5 8.529915624999999e-47
405.75 8.535493750000001e-47
406 8.540525e-47
406.25 8.545950000000001e-47
406.5 8.5514625e-47
406.75 8.556909375e-47
407 8.562268750000001e-47
407.25 8.567409375000001e-47
407.5 8.572768749999999e-47
407.75 8.578084375e-47
408 8.5834875e-47
408.25 8.588628124999999e-47
408.5 8.594053124999999e-47
408.75 8.599631249999999e-47
409 8.60496875e-47
409.25 8.610678125000001e-47
409.5 8.615753124999999e-47
409.75 8.620981250000001e-47
410 8.62614375e-47
410.25 8.631634375e-47
410.5 8.637059375000001e-47
410.75 8.642571875000001e-47
411 8.648215625e-47
411.25 8.653837500000001e-47
411.5 8.659371875e-47
411.75 8.664818750000001e-47
412 8.670550000000001e-47
412.25 8.675778125e-47
412.5 8.681334375e-47
412.75 8.6867375e-47
413 8.692578125e-47
413.25 8.698112499999999e-47
413.5 8.703362500000001e-47
413.75 8.7087875e-47
414 8.714365625000001e-47
414.25 8.719790625000001e-47
414.5 8.725565625000001e-47
414.75 8.730684374999999e-47
415 8.7364375e-47
415.25 8.742103125e-47
415.5 8.74759375e-47
415.75 8.753473750000001e-47
416 8.75898625e-47
416.25 8.764673749999999e-47
416.5 8.770125000000001e-47
416.75 8.775795e-47
417 8.781473750000001e-47
417.25 8.78716125e-47
417.5 8.79290125e-47
417.75 8.79816875e-47
418 8.80375125e-47
418.25 8.809429999999999e-47
418.5 8.815345e-47
418.75 8.820813750000002e-47
419 8.826518749999999e-47
419.25 8.832031250000001e-47
419.5 8.837263750000001e-47
419.75 8.84247e-47
420 8.84865625e-47
420.25 8.854212500000001e-47
420.5 8.859856249999999e-47
420.75 8.86563125e-47
421 8.8711175e-47
421.25 8.876673750000001e-47
421.5 8.881775e-47
421.75 8.88713875e-47
422 8.89249375e-47
422.25 8.8983825e-47
422.5 8.90395625e-47
422.75 8.910256249999999e-47
423 8.9158125e-47
423.25 8.921438749999999e-47
423.5 8.927231250000002e-47
423.75 8.9329625e-47
424 8.938737499999999e-47
424.25 8.94420625e-47
424.5 8.949998750000001e-47
424.75 8.95566875e-47
425 8.961198749999999e-47
425.25 8.96676375e-47
425.5 8.9726e-47
425.75 8.978313749999999e-47
426 8.98410625e-47
426.25 8.990275e-47
426.5 8.995831249999999e-47
426.75 9.00150125e-47
427 9.006970000000001e-47
427.25 9.012211249999999e-47
427.5 9.017706249999999e-47
427.75 9.023568749999999e-47
428 9.029273749999999e-47
428.25 9.0351625e-47
428.5 9.040849999999999e-47
428.75 9.0465375e-47
429 9.052067499999999e-47
429.25 9.057693750000001e-47
429.5 9.06325e-47
429.75 9.068911250000001e-47
430 9.0748e-47
430.25 9.080749999999999e-47
430.5 9.086901249999999e-47
430.75 9.09260625e-47
431 9.09820625e-47
431.25 9.103893749999999e-47
431.5 9.109861249999999e-47
431.75 9.1158375e-47
432 9.121805000000002e-47
432.25 9.12734375e-47
432.5 9.133573749999999e-47
432.75 9.139156249999998e-47
433 9.144904999999999e-47
433.25 9.150662499999999e-47
433.5 9.1564375e-47
433.75 9.162107500000001e-47
434 9.168074999999999e-47
434.25 9.1737625e-47
434.5 9.1797125e-47
434.75 9.185575e-47
435 9.191595000000001e-47
435.25 9.197580000000002e-47
435.5 9.203600000000001e-47
435.75 9.209506250000002e-47
436 9.215211250000001e-47
436.25 9.2213625e-47
436.5 9.22698e-47
436.75 9.23278125e-47
437 9.23853e-47
437.25 9.24424375e-47
437.5 9.25008e-47
437.75 9.25575e-47
438 9.261717500000001e-47
438.25 9.267693750000001e-47
438.5 9.273573750000001e-47
438.75 9.2794625e-47
439 9.28554375e-47
439.25 9.29124875e-47
439.5 9.297050000000001e-47
439.75 9.302825e-47
440 9.30881875e-47
440.25 9.3145325e-47
440.5 9.320219999999999e-47
440.75 9.326275000000001e-47
441 9.332032499999999e-47
441.25 9.33769375e-47
441.5 9.34367e-47
441.75 9.3492875e-47
442 9.35510625e-47
442.25 9.361038750000001e-47
442.5 9.366892499999999e-47
442.75 9.373017499999998e-47
443 9.378600000000002e-47
443.25 9.384287499999999e-47
443.5 9.39019375e-47
443.75 9.396213749999999e-47
444 9.402225e-47
444.25 9.408174999999999e-47
444.5 9.414011249999999e-47
444.75 9.419637500000001e-47
445 9.42552625e-47
445.25 9.431161250000001e-47
445.5 9.437154999999999e-47
445.75 9.4429125e-47
446 9.44901125e-47
446.25 9.454900000000001e-47
446.5 9.4608325e-47
446.75 9.466712499999999e-47
447 9.472575000000001e-47
447.25 9.478682499999999e-47
447.5 9.48436125e-47
447.75 9.490250000000001e-47
448 9.496199999999999e-47
448.25 9.50221125e-47
448.5 9.508257500000001e-47
448.75 9.514338750000001e-47
449 9.520280000000001e-47
449.25 9.526055e-47
449.5 9.53178625e-47
449.75 9.5377625e-47
450 9.543668749999999e-47
450.25 9.54960125e-47
450.5 9.555638750000002e-47
450.75 9.56137e-47
451 9.56745125e-47
451.25 9.57343625e-47
451.5 9.579456250000001e-47
451.75 9.58523125e-47
452 9.59111125e-47
452.25 9.597244999999999e-47
452.5 9.603186249999999e-47
452.75 9.60911875e-47
453 9.615130000000001e-47
453.25 9.62128125e-47
453.5 9.62759875e-47
453.75 9.633618749999999e-47
454 9.6392625e-47
454.25 9.645125e-47
454.5 9.65118875e-47
454.75 9.656963750000001e-47
455 9.663263749999998e-47
455.25 9.669169999999999e-47
455.5 9.6750675e-47
455.75 9.68139375e-47
456 9.687142499999999e-47
456.25 9.6932675e-47
456.5 9.69924375e-47
456.75 9.705325e-47
457 9.711467499999999e-47
457.25 9.71763625e-47
457.5 9.72405e-47
457.75 9.729938750000001e-47
458 9.73609875e-47
458.25 9.742075e-47
458.5 9.748304999999999e-47
458.75 9.7542375e-47
459 9.760345000000001e-47
459.25 9.76605e-47
459.5 9.77213125e-47
459.75 9.778387499999999e-47
460 9.78471375e-47
460.25 9.7912675e-47
460.5 9.797401249999999e-47
460.75 9.803368749999999e-47
461 9.809493749999999e-47
461.25 9.81512e-47
461.5 9.82086875e-47
461.75 9.82671375e-47
462 9.832768749999999e-47
462.25 9.83887625e-47
462.5 9.84473e-47
462.75 9.850767499999999e-47
463 9.85674375e-47
463.25 9.862781250000001e-47
463.5 9.868976250000001e-47
463.75 9.875057500000001e-47
464 9.881261250000001e-47
464.25 9.88754375e-47
464.5 9.893642499999999e-47
464.75 9.899855000000001e-47
465 9.905936250000001e-47
465.25 9.913050000000001e-47
465.5 9.91911375e-47
465.75 9.92438125e-47
466 9.930619999999999e-47
466.25 9.93685e-47
466.5 9.943106250000001e-47
466.75 9.949275e-47
467 9.955575e-47
467.25 9.961848749999999e-47
467.5 9.968306250000002e-47
467.75 9.974956249999999e-47
468 9.981195e-47
468.25 9.98725e-47
468.5 9.99333125e-47
468.75 9.9996575e-47
469 1.0005905e-46
469.25 1.001223125e-46
469.5 1.001825125e-46
469.75 1.002449875e-46
470 1.003065e-46
470.25 1.0036775e-46
470.5 1.00432325e-46
470.75 1.00495325e-46
471 1.0056025e-46
471.25 1.006219375e-46
471.5 1.0068275e-46
471.75 1.007453125e-46
472 1.00806825e-46
472.25 1.008707e-46
472.5 1.009341375e-46
472.75 1.009953875e-46
473 1.0105795e-46
473.25 1.011192e-46
473.5 1.011828125e-46
473.75 1.01247125e-46
474 1.013088125e-46
474.25 1.013726875e-46
474.5 1.014376125e-46
474.75 1.015004375e-46
475 1.015651875e-46
475.25 1.016280125e-46
475.5 1.01689175e-46
475.75 1.01752875e-46
476 1.018171875e-46
476.25 1.0188045e-46
476.5 1.01943625e-46
476.75 1.020103875e-46
477 1.02069625e-46
477.25 1.021332375e-46
477.5 1.021986875e-46
477.75 1.02262125e-46
478 1.02326e-46
478.25 1.023918e-46
478.5 1.024526125e-46
478.75 1.025164875e-46
479 1.0257975e-46
479.25 1.026449375e-46
479.5 1.027077625e-46
479.75 1.027705e-46
480 1.028346375e-46
480.25 1.02902625e-46
480.5 1.02968075e-46
480.75 1.030334375e-46
481 1.0310055e-46
481.25 1.03168625e-46
481.5 1.032355625e-46
481.75 1.03300575e-46
482 1.033648e-46
482.25 1.03428325e-46
482.5 1.0349745e-46
482.75 1.035664875e-46
483 1.03635e-46
483.25 1.03701325e-46
483.5 1.037673e-46
483.75 1.038338e-46
484 1.03901175e-46
484.25 1.039660125e-46
484.5 1.040346125e-46
484.75 1.041068875e-46
485 1.0417295e-46
485.25 1.0423945e-46
485.5 1.0430805e-46
485.75 1.04377875e-46
486 1.044465625e-46
486.25 1.04517e-46
486.5 1.045900625e-46
486.75 1.0465945e-46
487 1.0472945e-46
487.25 1.04804e-46
487.5 1.048798625e-46
487.75 1.04952925e-46
488 1.05023625e-46
488.25 1.050973875e-46
488.5 1.051721125e-46
488.75 1.052480625e-46
489 1.0532725e-46
489.25 1.054053875e-46
489.5 1.054808125e-46
489.75 1.05559125e-46
490 1.05637875e-46
490.25 1.057182e-46
490.5 1.05798175e-46
490.75 1.058780625e-46
491 1.059653e-46
491.25 1.0605105e-46
491.5 1.061405625e-46
491.75 1.06231125e-46
492 1.063244875e-46
492.25 1.064161875e-46
492.5 1.06511125e-46
492.75 1.06611575e-46
493 1.067164875e-46
493.25 1.068256875e-46
493.5 1.0692955e-46
493.75 1.070461875e-46
494 1.07156875e-46
494.25 1.072691375e-46
494.5 1.07390325e-46
494.75 1.075242e-46
495 1.07666125e-46
495.25 1.078144375e-46
495.5 1.07975e-46
495.75 1.081507e-46
496 1.083313875e-46
496.25 1.085181125e-46
496.5 1.08713325e-46
496.75 1.0891545e-46
497 1.091453125e-46
497.25 1.0939495e-46
497.5 1.097068e-46
497.75 1.100721125e-46
498 1.10631675e-46
498.25 1.115858625e-46
498.5 1.127207375e-46
498.75 1.1565855e-46
499 1.31593875e-46
499.25 1.47850675e-46
499.5 1.75648375e-46
499.75 2.270646875e-46
500 3.26650625e-46
500.25 5.2534125e-46
500.5 9.523893750000001e-46
500.75 1.929010125e-45
501 4.37128125e-45
501.25 1.089494875e-44
501.5 3.7510375e-44
501.75 1.6450875e-42
502 7.550068749999999e-44
502.25 1.55315125e-44
502.5 5.947375e-45
502.75 2.52805e-45
503 1.212553125e-45
503.25 6.628365625e-46
503.5 4.256284375e-46
503.75 3.350375e-46
504 3.306625e-46
504.25 4.4844625e-46
504.5 1.1152225e-45
504.75 2.60378125e-44
505 2.261809375e-45
505.25 5.577184375000001e-46
505.5 3.094459375e-46
505.75 2.360575e-46
506 2.1253645e-46
506.25 2.127899375e-46
506.5 2.37965e-46
506.75 3.3235125e-46
507 8.641828125e-46
507.25 5.87829375e-45
507.5 6.967953125e-46
507.75 5.2506125e-46
508 7.659859374999999e-46
508.25 2.162820625e-45
508.5 2.432171875e-44
508.75 3.813228125e-45
509 9.2402625e-46
509.25 4.37530625e-46
509.5 2.853025e-46
509.75 2.1924875e-46
510 1.845508875e-46
510.25 1.639974875e-46
510.5 1.510506375e-46
510.75 1.423569875e-46
511 1.361276875e-46
511.25 1.31574625e-46
511.5 1.281573125e-46
511.75 1.25535375e-46
512 1.234664375e-46
512.25 1.21832375e-46
512.5 1.205379875e-46
512.75 1.195270125e-46
513 1.186808875e-46
513.25 1.17971875e-46
513.5 1.17395425e-46
513.75 1.169287e-46
514 1.16525675e-46
514.25 1.16164125e-46
514.5 1.1585245e-46
514.75 1.1559695e-46
515 1.153824875e-46
515.25 1.151934875e-46
515.5 1.150216375e-46
515.75 1.148805e-46
516 1.147673625e-46
516.25 1.14666125e-46
516.5 1.145757375e-46
516.75 1.14497425e-46
517 1.144338125e-46
517.25 1.14380875e-46
517.5 1.14337825e-46
517.75 1.142999375e-46
518 1.142694875e-46
518.25 1.142502375e-46
518.5 1.1423825e-46
518.75 1.1422355e-46
519 1.1419975e-46
519.25 1.14176825e-46
519.5 1.14168075e-46
519.75 1.1417455e-46
520 1.141800625e-46
520.25 1.14186625e-46
520.5 1.14198875e-46
520.75 1.14219e-46
521 1.142407e-46
521.25 1.142694875e-46
521.5 1.14298625e-46
521.75 1.14327675e-46
522 1.143592625e-46
522.25 1.143953125e-46
522.5 1.14435125e-46
522.75 1.144782625e-46
523 1.145239375e-46
523.25 1.14568825e-46
523.5 1.1461695e-46
523.75 1.14664375e-46
524 1.14706375e-46
524.25 1.147558125e-46
524.5 1.148028875e-46
524.75 1.148566125e-46
525 1.149113e-46
525.25 1.1496905e-46
525.5 1.15022075e-46
525.75 1.150743125e-46
526 1.15131625e-46
526.25 1.151906875e-46
526.5 1.15249575e-46
526.75 1.1530925e-46
527 1.153665625e-46
527.25 1.154278125e-46
527.5 1.154871375e-46
527.75 1.15546375e-46
528 1.156078e-46
528.25 1.15670625e-46
528.5 1.157316125e-46
528.75 1.15792075e-46
529 1.158565625e-46
529.25 1.159206125e-46
529.5 1.159825625e-46
529.75 1.160488e-46
530 1.161125e-46
530.25 1.16175325e-46
530.5 1.162413875e-46
530.75 1.163064875e-46
531 1.163691375e-46
531.25 1.16433625e-46
531.5 1.16498375e-46
531.75 1.165661875e-46
532 1.166361875e-46
532.25 1.16698925e-46
532.5 1.167667375e-46
532.75 1.16835075e-46
533 1.16905075e-46
533.25 1.16976125e-46
533.5 1.170395625e-46
533.75 1.171051875e-46
534 1.171734375e-46
534.25 1.172397625e-46
534.5 1.173053e-46
534.75 1.173738125e-46
535 1.174439875e-46
535.25 1.17511625e-46
535.5 1.17580925e-46
535.75 1.176483e-46
536 1.17715675e-46
536.25 1.177840125e-46
536.5 1.17856375e-46
536.75 1.1792375e-46
537 1.179926125e-46
537.25 1.1805955e-46
537.5 1.181282375e-46
537.75 1.1819325e-46
538 1.182621125e-46
538.25 1.183308875e-46
538.5 1.1839975e-46
538.75 1.184673875e-46
539 1.18533625e-46
539.25 1.186023125e-46
539.5 1.18669425e-46
539.75 1.18739075e-46
540 1.188098625e-46
540.25 1.18878375e-46
540.5 1.189461875e-46
540.75 1.19015575e-46
541 1.190837375e-46
541.25 1.191502375e-46
541.5 1.192163875e-46
541.75 1.192839375e-46
542 1.193549875e-46
542.25 1.194239375e-46
542.5 1.1949245e-46
542.75 1.19561925e-46
543 1.19632625e-46
543.25 1.1970175e-46
543.5 1.197728875e-46
543.75 1.1984455e-46
544 1.1991525e-46
544.25 1.199855125e-46
544.5 1.20055075e-46
544.75 1.201248125e-46
545 1.20194375e-46
545.25 1.20265075e-46
545.5 1.20336125e-46
545.75 1.204063e-46
546 1.2047525e-46
546.25 1.205455125e-46
546.5 1.20617875e-46
546.75 1.206893625e-46
547 1.20758575e-46
547.25 1.208265625e-46
547.5 1.208967375e-46
547.75 1.209665625e-46
548 1.210341125e-46
548.25 1.2110525e-46
548.5 1.211748125e-46
548.75 1.21244375e-46
549 1.213135e-46
549.25 1.213848125e-46
549.5 1.21455425e-46
549.75 1.215283125e-46
550 1.216007625e-46
550.25 1.21674875e-46
550.5 1.21744875e-46
550.75 1.218168875e-46
551 1.218870625e-46
551.25 1.219579375e-46
551.5 1.220288125e-46
551.75 1.22101e-46
552 1.221742375e-46
552.25 1.22241875e-46
552.5 1.223138e-46
552.75 1.223838e-46
553 1.224533625e-46
553.25 1.22526075e-46
553.5 1.22597125e-46
553.75 1.226645e-46
554 1.22736425e-46
554.25 1.228059875e-46
554.5 1.228784375e-46
554.75 1.22950625e-46
555 1.2302325e-46
555.25 1.2309395e-46
555.5 1.2316605e-46
555.75 1.232371875e-46
556 1.233091125e-46
556.25 1.23381125e-46
556.5 1.234533125e-46
556.75 1.235257625e-46
557 1.235978625e-46
557.25 1.23668825e-46
557.5 1.2374145e-46
557.75 1.238146875e-46
558 1.23887575e-46
558.25 1.239625625e-46
558.5 1.24037375e-46
558.75 1.241113125e-46
559 1.2418595e-46
559.25 1.242602375e-46
559.5 1.243379375e-46
559.75 1.244124875e-46
560 1.24485375e-46
560.25 1.245573875e-46
560.5 1.2463045e-46
560.75 1.24703075e-46
561 1.247754375e-46
561.25 1.248457e-46
561.5 1.249157e-46
561.75 1.24984125e-46
562 1.250501875e-46
562.25 1.251186125e-46
562.5 1.251812625e-46
562.75 1.2524855e-46
563 1.2532205e-46
563.25 1.25390125e-46
563.5 1.254581125e-46
563.75 1.255288125e-46
564 1.2560205e-46
564.25 1.2567345e-46
564.5 1.257395125e-46
564.75 1.258116125e-46
565 1.258823125e-46
565.25 1.259516125e-46
565.5 1.260242375e-46
565.75 1.2609975e-46
566 1.261726375e-46
566.25 1.262422e-46
566.5 1.26313425e-46
566.75 1.263817625e-46
567 1.26450625e-46
567.25 1.26520625e-46
567.5 1.2658975e-46
567.75 1.266628125e-46
568 1.267356125e-46
568.25 1.26807625e-46
568.5 1.268798125e-46
568.75 1.26952175e-46
569 1.270248e-46
569.25 1.270983e-46
569.5 1.271683e-46
569.75 1.272383e-46
570 1.273118875e-46
570.25 1.273846875e-46
570.5 1.274599375e-46
570.75 1.275308125e-46
571 1.276025625e-46
571.25 1.27677375e-46
571.5 1.27749125e-46
571.75 1.27821925e-46
572 1.278942e-46
572.25 1.279628875e-46
572.5 1.280328875e-46
572.75 1.281049875e-46
573 1.281756875e-46
573.25 1.28253125e-46
573.5 1.28325575e-46
573.75 1.28395575e-46
574 1.284670625e-46
574.25 1.28539075e-46
574.5 1.286114375e-46
574.75 1.286823125e-46
575 1.28751875e-46
575.25 1.2882975e-46
575.5 1.28903075e-46
575.75 1.2897325e-46
576 1.29045875e-46
576.25 1.291192e-46
576.5 1.291915625e-46
576.75 1.292643625e-46
577 1.293385625e-46
577.25 1.294136375e-46
577.5 1.294883625e-46
577.75 1.295599375e-46
578 1.29632825e-46
578.25 1.297051875e-46
578.5 1.29780875e-46
578.75 1.298535e-46
579 1.299265625e-46
579.25 1.2999875e-46
579.5 1.300719875e-46
579.75 1.301463625e-46
580 1.302238875e-46
580.25 1.3029625e-46
580.5 1.303651125e-46
580.75 1.30438e-46
581 1.30508875e-46
581.25 1.305822e-46
581.5 1.30655e-46
581.75 1.307313875e-46
582 1.308040125e-46
582.25 1.308787375e-46
582.5 1.309529375e-46
582.75 1.31026875e-46
583 1.3109705e-46
583.25 1.311734375e-46
583.5 1.31249125e-46
583.75 1.313242e-46
584 1.313965625e-46
584.25 1.314711125e-46
584.5 1.315453125e-46
584.75 1.316205625e-46
585 1.31696425e-46
585.25 1.317717625e-46
585.5 1.3184395e-46
585.75 1.3191675e-46
586 1.319891125e-46
586.25 1.32064625e-46
586.5 1.321392625e-46
586.75 1.32213375e-46
587 1.322895e-46
587.25 1.32362125e-46
587.5 1.32438075e-46
587.75 1.325102625e-46
588 1.325839375e-46
588.25 1.326565625e-46
588.5 1.327309375e-46
588.75 1.328000625e-46
589 1.328744375e-46
589.25 1.329496875e-46
589.5 1.330233625e-46
589.75 1.330975625e-46
590 1.3317255e-46
590.25 1.332498125e-46
590.5 1.33324625e-46
590.75 1.333983875e-46
591 1.334746875e-46
591.25 1.33551075e-46
591.5 1.336286875e-46
591.75 1.3370245e-46
592 1.33778575e-46
592.25 1.338551375e-46
592.5 1.339289875e-46
592.75 1.34005375e-46
593 1.340836875e-46
593.25 1.341641875e-46
593.5 1.34242675e-46
593.75 1.34320375e-46
594 1.3439895e-46
594.25 1.344765625e-46
594.5 1.34560125e-46
594.75 1.346438625e-46
595 1.3473145e-46
595.25 1.348108125e-46
595.5 1.348981375e-46
595.75 1.349873e-46
596 1.350818e-46
596.25 1.351735e-46
596.5 1.352687e-46
596.75 1.35375625e-46
597 1.35485e-46
597.25 1.355923625e-46
597.5 1.356964875e-46
597.75 1.35826075e-46
598 1.359572375e-46
598.25 1.360891875e-46
598.5 1.36206e-46
598.75 1.36318875e-46
599 1.364052375e-46
599.25 1.364832e-46
599.5 1.365588875e-46
599.75 1.3660955e-46
600 1.3665925e-46
600.25 1.36684625e-46
600.5 1.3670055e-46
600.75 1.3672295e-46
601 1.367463125e-46
601.25 1.3678455e-46
601.5 1.368224375e-46
601.75 1.368679375e-46
602 1.369150125e-46
602.25 1.36970925e-46
602.5 1.370263125e-46
602.75 1.370772375e-46
603 1.371390125e-46
603.25 1.37206825e-46
603.5 1.372723625e-46
603.75 1.373423625e-46
604 1.374345e-46
604.25 1.37536875e-46
604.5 1.37675125e-46
604.75 1.3766655e-46
605 1.376949875e-46
605.25 1.377376875e-46
605.5 1.37795175e-46
605.75 1.378654375e-46
606 1.37926425e-46
606.25 1.37990125e-46
606.5 1.38058375e-46
606.75 1.381305625e-46
607 1.382058125e-46
607.25 1.3827975e-46
607.5 1.383515e-46
607.75 1.38424125e-46
608 1.384985e-46
608.25 1.38571825e-46
608.5 1.38648125e-46
608.75 1.387236375e-46
609 1.38798625e-46
609.25 1.388709875e-46
609.5 1.38943875e-46
609.75 1.390193875e-46
610 1.390921875e-46
610.25 1.3916245e-46
610.5 1.392383125e-46
610.75 1.393112e-46
611 1.393861875e-46
611.25 1.394589875e-46
611.5 1.395358125e-46
611.75 1.396122e-46
612 1.396857e-46
612.25 1.3975955e-46
612.5 1.39832e-46
612.75 1.399059375e-46
613 1.39980575e-46
613.25 1.400574875e-46
613.5 1.40133175e-46
613.75 1.4020755e-46
614 1.402806125e-46
614.25 1.403539375e-46
614.5 1.404258625e-46
614.75 1.4050225e-46
615 1.405761875e-46
615.25 1.40650125e-46
615.5 1.407233625e-46
615.75 1.407984375e-46
616 1.40870625e-46
616.25 1.409470125e-46
616.5 1.4101955e-46
616.75 1.410933125e-46
617 1.41168125e-46
617.25 1.412420625e-46
617.5 1.4131775e-46
617.75 1.4139195e-46
618 1.414650125e-46
618.25 1.415386875e-46
618.5 1.4161595e-46
618.75 1.416933875e-46
619 1.4176645e-46
619.25 1.418396875e-46
619.5 1.41916425e-46
619.75 1.419928125e-46
620 1.42065875e-46
620.25 1.421413e-46
620.5 1.42217425e-46
620.75 1.42289875e-46
621 1.423646875e-46
621.25 1.42439675e-46
621.5 1.425134375e-46
621.75 1.4259e-46
622 1.426621875e-46
622.25 1.42736125e-46
622.5 1.42813125e-46
622.75 1.42885575e-46
623 1.42960125e-46
623.25 1.430359875e-46
623.5 1.431154375e-46
623.75 1.431863125e-46
624 1.432622625e-46
624.25 1.43339e-46
624.5 1.43415125e-46
624.75 1.43492125e-46
625 1.43565625e-46
625.25 1.4364105e-46
625.5 1.437183125e-46
625.75 1.437944375e-46
626 1.438668875e-46
626.25 1.43940825e-46
626.5 1.44016075e-46
626.75 1.44094825e-46
627 1.441687625e-46
627.25 1.44242875e-46
627.5 1.443175125e-46
627.75 1.44395125e-46
628 1.4447055e-46
628.25 1.4454895e-46
628.5 1.446206125e-46
628.75 1.4469875e-46
629 1.447775e-46
629.25 1.448587e-46
629.5 1.44936925e-46
629.75 1.450133125e-46
630 1.45085675e-46
630.25 1.45155675e-46
630.5 1.45230575e-46
630.75 1.453032e-46
631 1.453790625e-46
631.25 1.454543125e-46
631.5 1.455339375e-46
631.75 1.4560875e-46
632 1.456835625e-46
632.25 1.457579375e-46
632.5 1.458323125e-46
632.75 1.459084375e-46
633 1.459829875e-46
633.25 1.46059375e-46
633.5 1.461362e-46
633.75 1.462094375e-46
634 1.462838125e-46
634.25 1.4635775e-46
634.5 1.464325625e-46
634.75 1.4650825e-46
635 1.46586825e-46
635.25 1.466637375e-46
635.5 1.46739425e-46
635.75 1.468149375e-46
636 1.468945625e-46
636.25 1.4696675e-46
636.5 1.4704375e-46
636.75 1.471203125e-46
637 1.47196875e-46
637.25 1.472737e-46
637.5 1.4735105e-46
637.75 1.47426125e-46
638 1.475002375e-46
638.25 1.475751375e-46
638.5 1.4764925e-46
638.75 1.47724325e-46
639 1.478019375e-46
639.25 1.47882e-46
639.5 1.47966175e-46
639.75 1.480416875e-46
640 1.480957625e-46
640.25 1.481757375e-46
640.5 1.482495e-46
640.75 1.483260625e-46
641 1.483965e-46
641.25 1.484721875e-46
641.5 1.485477e-46
641.75 1.486212e-46
642 1.48701175e-46
642.25 1.487765125e-46
642.5 1.488522e-46
642.75 1.489243e-46
643 1.490059375e-46
643.25 1.4907725e-46
643.5 1.491518e-46
643.75 1.49226875e-46
644 1.493032625e-46
644.25 1.493811375e-46
644.5 1.494565625e-46
644.75 1.495354875e-46
645 1.49609075e-46
645.25 1.496831875e-46
645.5 1.497573e-46
645.75 1.498319375e-46
646 1.499115625e-46
646.25 1.49990925e-46
646.5 1.50064425e-46
646.75 1.501381875e-46
647 1.502158e-46
647.25 1.502937625e-46
647.5 1.503683125e-46
647.75 1.5044505e-46
648 1.505233625e-46
648.25 1.50600625e-46
648.5 1.506754375e-46
648.75 1.507531375e-46
649 1.50829875e-46
649.25 1.50906e-46
649.5 1.50983e-46
649.75 1.510553625e-46
650 1.511265e-46
650.25 1.51202625e-46
650.5 1.5127945e-46
650.75 1.51354875e-46
651 1.514296875e-46
651.25 1.5150695e-46
651.5 1.5157975e-46
651.75 1.51655875e-46
652 1.517298125e-46
652.25 1.518059375e-46
652.5 1.518796125e-46
652.75 1.51956e-46
653 1.520288e-46
653.25 1.521032625e-46
653.5 1.521804375e-46
653.75 1.5225595e-46
654 1.523326875e-46
654.25 1.524089875e-46
654.5 1.524875625e-46
654.75 1.525657e-46
655 1.526406875e-46
655.25 1.527185625e-46
655.5 1.527903125e-46
655.75 1.528681875e-46
656 1.52949125e-46
656.25 1.530158875e-46
656.5 1.530932375e-46
656.75 1.531681375e-46
657 1.5324225e-46
657.25 1.533182e-46
657.5 1.533940625e-46
657.75 1.534694875e-46
658 1.535461375e-46
658.25 1.536206875e-46
658.5 1.536948e-46
658.75 1.537718e-46
659 1.538499375e-46
659.25 1.539265e-46
659.5 1.5400595e-46
659.75 1.540828625e-46
660 1.541575e-46
660.25 1.54233625e-46
660.5 1.54310625e-46
660.75 1.54385875e-46
661 1.544627e-46
661.25 1.545404875e-46
661.5 1.546173125e-46
661.75 1.546895e-46
662 1.54763875e-46
662.25 1.54836675e-46
662.5 1.54909125e-46
662.75 1.549874375e-46
663 1.550635625e-46
663.25 1.5513925e-46
663.5 1.55215375e-46
663.75 1.552936875e-46
664 1.553713e-46
664.25 1.554469875e-46
664.5 1.5552425e-46
664.75 1.55602125e-46
665 1.556786875e-46
665.25 1.55755425e-46
665.5 1.558307625e-46
665.75 1.559079375e-46
666 1.55981875e-46
666.25 1.560601875e-46
666.5 1.56134825e-46
666.75 1.56211125e-46
667 1.56284625e-46
667.25 1.56361625e-46
667.5 1.5643495e-46
667.75 1.56513e-46
668 1.565920125e-46
668.25 1.5666875e-46
668.5 1.567447e-46
668.75 1.56821175e-46
669 1.568984375e-46
669.25 1.56974825e-46
669.5 1.57050425e-46
669.75 1.571241875e-46
670 1.572010125e-46
670.25 1.5727705e-46
670.5 1.5735405e-46
670.75 1.574311375e-46
671 1.575067375e-46
671.25 1.575847e-46
671.5 1.576588125e-46
671.75 1.57738875e-46
672 1.57815e-46
672.25 1.578898125e-46
672.5 1.579687375e-46
672.75 1.580446875e-46
673 1.581199375e-46
673.25 1.581960625e-46
673.5 1.5827525e-46
673.75 1.583518125e-46
674 1.584307375e-46
674.25 1.58508875e-46
674.5 1.585891125e-46
674.75 1.58662175e-46
675 1.5874075e-46
675.25 1.588120625e-46
675.5 1.5888425e-46
675.75 1.589651875e-46
676 1.590395625e-46
676.25 1.59117e-46
676.5 1.591942625e-46
676.75 1.5926925e-46
677 1.593438e-46
677.25 1.59420625e-46
677.5 1.59494825e-46
677.75 1.595724375e-46
678 1.596457625e-46
678.25 1.597213625e-46
678.5 1.597955625e-46
678.75 1.598725625e-46
679 1.5994825e-46
679.25 1.600248125e-46
679.5 1.601063625e-46
679.75 1.6017575e-46
680 1.602507375e-46
680.25 1.603275625e-46
680.5 1.604070125e-46
680.75 1.6048025e-46
681 1.60558125e-46
681.25 1.60634425e-46
681.5 1.607099375e-46
681.75 1.60787375e-46
682 1.608648125e-46
682.25 1.6094225e-46
682.5 1.610205625e-46
682.75 1.61098e-46
683 1.6117675e-46
683.25 1.61252875e-46
683.5 1.613297e-46
683.75 1.614073125e-46
684 1.614885125e-46
684.25 1.6156455e-46
684.5 1.616398875e-46
684.75 1.617179375e-46
685 1.617968625e-46
685.25 1.618770125e-46
685.5 1.619552375e-46
685.75 1.620311875e-46
686 1.62109325e-46
686.25 1.621865e-46
686.5 1.62263675e-46
686.75 1.623437375e-46
687 1.62418375e-46
687.25 1.624938875e-46
687.5 1.625710625e-46
687.75 1.626491125e-46
688 1.627250625e-46
688.25 1.6280075e-46
688.5 1.628781875e-46
688.75 1.629560625e-46
689 1.630337625e-46
689.25 1.631093625e-46
689.5 1.63185575e-46
689.75 1.632579375e-46
690 1.6333555e-46
690.25 1.6341045e-46
690.5 1.634857e-46
690.75 1.63563575e-46
691 1.636376875e-46
691.25 1.63710925e-46
691.5 1.63788625e-46
691.75 1.638651875e-46
692 1.639386875e-46
692.25 1.640181375e-46
692.5 1.64089625e-46
692.75 1.641660125e-46
693 1.64241875e-46
693.25 1.6431555e-46
693.5 1.64396575e-46
693.75 1.644685e-46
694 1.64548825e-46
694.25 1.646248625e-46
694.5 1.647008125e-46
694.75 1.647762375e-46
695 1.648600625e-46
695.25 1.649318125e-46
695.5 1.650042625e-46
695.75 1.650803e-46
696 1.651612375e-46
696.25 1.65236575e-46
696.5 1.6530675e-46
696.75 1.653848e-46
697 1.654576875e-46
697.25 1.655318e-46
697.5 1.6560775e-46
697.75 1.65680375e-46
698 1.657585125e-46
698.25 1.6583175e-46
698.5 1.659112e-46
698.75 1.65990825e-46
699 1.660668625e-46
699.25 1.661435125e-46
699.5 1.66216575e-46
699.75 1.662994375e-46
700 1.6637005e-46
700.25 1.664453875e-46
700.5 1.6652405e-46
700.75 1.66600175e-46
701 1.666721875e-46
701.25 1.667528625e-46
701.5 1.6682925e-46
701.75 1.669058125e-46
702 1.6697975e-46
702.25 1.67055875e-46
702.5 1.671306875e-46
702.75 1.6720305e-46
703 1.67282675e-46
703.25 1.67356875e-46
703.5 1.67432825e-46
703.75 1.6750545e-46
704 1.67581925e-46
704.25 1.676565625e-46
704.5 1.67731375e-46
704.75 1.678070625e-46
705 1.678845e-46
705.25 1.679594875e-46
705.5 1.680385e-46
705.75 1.681127e-46
706 1.68187075e-46
706.25 1.6826495e-46
706.5 1.6834475e-46
706.75 1.684228875e-46
707 1.685016375e-46
707.25 1.685779375e-46
707.5 1.686552e-46
707.75 1.687315e-46
708 1.688061375e-46
708.25 1.688805125e-46
708.5 1.689552375e-46
708.75 1.69032325e-46
709 1.691097625e-46
709.25 1.6918545e-46
709.5 1.69260875e-46
709.75 1.693409375e-46
710 1.6941925e-46
710.25 1.694930125e-46
710.5 1.6956975e-46
710.75 1.69643425e-46
711 1.697192e-46
711.25 1.6979725e-46
711.5 1.69873375e-46
711.75 1.699502e-46
712 1.700271125e-46
712.25 1.701039375e-46
712.5 1.7018225e-46
712.75 1.702561875e-46
713 1.703330125e-46
713.25 1.7040905e-46
713.5 1.704873625e-46
713.75 1.705655e-46
714 1.7064425e-46
714.25 1.7072195e-46
714.5 1.707969375e-46
714.75 1.708704375e-46
715 1.709490125e-46
715.25 1.71025575e-46
715.5 1.710975e-46
715.75 1.71171175e-46
716 1.712473875e-46
716.25 1.713236875e-46
716.5 1.71402175e-46
716.75 1.714785625e-46
717 1.715546875e-46
717.25 1.716323e-46
717.5 1.717121875e-46
717.75 1.717883125e-46
718 1.718619875e-46
718.25 1.71936625e-46
718.5 1.720159875e-46
718.75 1.720873e-46
719 1.72159575e-46
719.25 1.722363125e-46
719.5 1.723126125e-46
719.75 1.723855e-46
720 1.72463375e-46
720.25 1.725408125e-46
720.5 1.72619825e-46
720.75 1.72695075e-46
721 1.727693625e-46
721.25 1.7284645e-46
721.5 1.729245e-46
721.75 1.730045625e-46
722 1.730785e-46
722.25 1.731541875e-46
722.5 1.732276875e-46
722.75 1.73302325e-46
723 1.73377925e-46
723.25 1.73452825e-46
723.5 1.735293e-46
723.75 1.7360595e-46
724 1.73682425e-46
724.25 1.737577625e-46
724.5 1.73835375e-46
724.75 1.73911325e-46
725 1.73992175e-46
725.25 1.74057625e-46
725.5 1.741308625e-46
725.75 1.742031375e-46
726 1.74286e-46
726.25 1.7435775e-46
726.5 1.74430375e-46
726.75 1.745072e-46
727 1.745823625e-46
727.25 1.746635625e-46
727.5 1.74741875e-46
727.75 1.748140625e-46
728 1.748866875e-46
728.25 1.74964125e-46
728.5 1.750413875e-46
728.75 1.751176875e-46
729 1.751883875e-46
729.25 1.752587375e-46
729.5 1.753336375e-46
729.75 1.754115125e-46
730 1.754827375e-46
730.25 1.755595625e-46
730.5 1.756348125e-46
730.75 1.757074375e-46
731 1.75780675e-46
731.25 1.75859425e-46
731.5 1.759333625e-46
731.75 1.76008875e-46
732 1.76085875e-46
732.25 1.761580625e-46
732.5 1.762348875e-46
732.75 1.763120625e-46
733 1.763881875e-46
733.25 1.764623e-46
733.5 1.765386875e-46
733.75 1.7661595e-46
734 1.76694e-46
734.25 1.767752e-46
734.5 1.768510625e-46
734.75 1.76927625e-46
735 1.77002e-46
735.25 1.7707445e-46
735.5 1.77158625e-46
735.75 1.772316875e-46
736 1.773086875e-46
736.25 1.77385425e-46
736.5 1.774653125e-46
736.75 1.7753925e-46
737 1.77617125e-46
737.25 1.776926375e-46
737.5 1.77779e-46
737.75 1.778441875e-46
738 1.7792075e-46
738.25 1.77993375e-46
738.5 1.780702e-46
738.75 1.781493875e-46
739 1.782249875e-46
739.25 1.78296825e-46
739.5 1.783789875e-46
739.75 1.784531875e-46
740 1.78525375e-46
740.25 1.78598875e-46
740.5 1.7867395e-46
740.75 1.7874745e-46
741 1.788240125e-46
741.25 1.789003125e-46
741.5 1.789764375e-46
741.75 1.790551875e-46
742 1.79130875e-46
742.25 1.792065625e-46
742.5 1.792798e-46
742.75 1.793575e-46
743 1.794307375e-46
743.25 1.795122e-46
743.5 1.795898125e-46
743.75 1.796694375e-46
744 1.797560625e-46
744.25 1.798269375e-46
744.5 1.79907875e-46
744.75 1.799833e-46
745 1.80064675e-46
745.25 1.801429875e-46
745.5 1.802171875e-46
745.75 1.802943625e-46
746 1.803739875e-46
746.25 1.804578125e-46
746.5 1.805482e-46
746.75 1.806431375e-46
747 1.8074245e-46
747.25 1.8084675e-46
747.5 1.80959625e-46
747.75 1.811033e-46
748 1.81239625e-46
748.25 1.814203125e-46
748.5 1.81607125e-46
748.75 1.817939375e-46
749 1.819328875e-46
749.25 1.820154875e-46
749.5 1.820790125e-46
749.75 1.8205425e-46
750 1.820273e-46
750.25 1.81990375e-46
750.5 1.819811875e-46
750.75 1.82000875e-46
751 1.820175e-46
751.25 1.820616875e-46
751.5 1.820914375e-46
751.75 1.82138425e-46
752 1.821918e-46
752.25 1.82252175e-46
752.5 1.823241875e-46
752.75 1.8238325e-46
753 1.824405625e-46
753.25 1.825142375e-46
753.5 1.825816125e-46
753.75 1.826523125e-46
754 1.82727125e-46
754.25 1.827959875e-46
754.5 1.828729875e-46
754.75 1.82944125e-46
755 1.830180625e-46
755.25 1.8309025e-46
755.5 1.83161825e-46
755.75 1.83232875e-46
756 1.833092625e-46
756.25 1.83382325e-46
756.5 1.83456175e-46
756.75 1.835309875e-46
757 1.83603175e-46
757.25 1.836753625e-46
757.5 1.837469375e-46
757.75 1.838230625e-46
758 1.838977e-46
758.25 1.839663875e-46
758.5 1.8403875e-46
758.75 1.841116375e-46
759 1.84182425e-46
759.25 1.842537375e-46
759.5 1.8432995e-46
759.75 1.843996875e-46
760 1.844766875e-46
760.25 1.845521125e-46
760.5 1.846254375e-46
760.75 1.846963125e-46
761 1.847671875e-46
761.25 1.848398125e-46
761.5 1.849148875e-46
761.75 1.8498795e-46
762 1.850601375e-46
762.25 1.85131625e-46
762.5 1.852053875e-46
762.75 1.852764375e-46
763 1.85346875e-46
763.25 1.85423175e-46
763.5 1.854976375e-46
763.75 1.855713125e-46
764 1.85645075e-46
764.25 1.85719625e-46
764.5 1.8579575e-46
764.75 1.858740625e-46
765 1.85947825e-46
765.25 1.86023425e-46
765.5 1.860973625e-46
765.75 1.861733125e-46
766 1.862457625e-46
766.25 1.8631445e-46
766.5 1.863850625e-46
766.75 1.86460575e-46
767 1.865353e-46
767.25 1.866088e-46
767.5 1.866781875e-46
767.75 1.86751075e-46
768 1.86823e-46
768.25 1.868906375e-46
768.5 1.869627375e-46
768.75 1.870404375e-46
769 1.87111575e-46
769.25 1.871919875e-46
769.5 1.872625125e-46
769.75 1.87335575e-46
770 1.874107375e-46
770.25 1.874833625e-46
770.5 1.875524875e-46
770.75 1.876214375e-46
771 1.876916125e-46
771.25 1.877638e-46
771.5 1.87838175e-46
771.75 1.879119375e-46
772 1.879800125e-46
772.25 1.880543875e-46
772.5 1.881289375e-46
772.75 1.88201125e-46
773 1.8827795e-46
773.25 1.88350575e-46
773.5 1.88420925e-46
773.75 1.884973125e-46
774 1.885699375e-46
774.25 1.88641425e-46
774.5 1.887167625e-46
774.75 1.887904375e-46
775 1.888595625e-46
775.25 1.889278125e-46
775.5 1.889988625e-46
775.75 1.890676375e-46
776 1.89137375e-46
776.25 1.892060625e-46
776.5 1.892751875e-46
776.75 1.893471125e-46
777 1.894228875e-46
777.25 1.89494375e-46
777.5 1.89567875e-46
777.75 1.89637e-46
778 1.897072625e-46
778.25 1.897805e-46
778.5 1.898502375e-46
778.75 1.899228625e-46
779 1.899947e-46
779.25 1.900705625e-46
779.5 1.90139075e-46
779.75 1.902123125e-46
780 1.902858125e-46
780.25 1.903600125e-46
780.5 1.904343e-46
780.75 1.905080625e-46
781 1.905770125e-46
781.25 1.906496375e-46
781.5 1.907240125e-46
781.75 1.907913875e-46
782 1.908641875e-46
782.25 1.909305125e-46
782.5 1.910033125e-46
782.75 1.910696375e-46
783 1.911422625e-46
783.25 1.912133125e-46
783.5 1.91289e-46
783.75 1.913562e-46
784 1.91422875e-46
784.25 1.914976875e-46
784.5 1.915713625e-46
784.75 1.916429375e-46
785 1.9171495e-46
785.25 1.91789325e-46
785.5 1.918615125e-46
785.75 1.9193055e-46
786 1.919997625e-46
786.25 1.920723e-46
786.5 1.921493e-46
786.75 1.9221825e-46
787 1.922872e-46
787.25 1.923550125e-46
787.5 1.924215125e-46
787.75 1.92489675e-46
788 1.925583625e-46
788.25 1.926299375e-46
788.5 1.9270195e-46
788.75 1.927725625e-46
789 1.92847375e-46
789.25 1.929158e-46
789.5 1.929906125e-46
789.75 1.9306525e-46
790 1.9313875e-46
790.25 1.932116375e-46
790.5 1.932777e-46
790.75 1.933448125e-46
791 1.934158625e-46
791.25 1.93488925e-46
791.5 1.93563825e-46
791.75 1.936379375e-46
792 1.9370995e-46
792.25 1.937866875e-46
792.5 1.938593125e-46
792.75 1.939293125e-46
793 1.939949375e-46
793.25 1.94056625e-46
793.5 1.94126625e-46
793.75 1.941970625e-46
794 1.9426995e-46
794.25 1.943414375e-46
794.5 1.944123125e-46
794.75 1.944858125e-46
795 1.945545e-46
795.25 1.946319375e-46
795.5 1.947054375e-46
795.75 1.94774125e-46
796 1.9484045e-46
796.25 1.949084375e-46
796.5 1.949794875e-46
796.75 1.950512375e-46
797 1.951222e-46
797.25 1.95188e-46
797.5 1.95260625e-46
797.75 1.953357e-46
798 1.954091125e-46
798.25 1.954757e-46
798.5 1.955478875e-46
798.75 1.956163125e-46
799 1.956889375e-46
799.25 1.957564875e-46
799.5 1.95826575e-46
799.75 1.958998125e-46
800 1.959727e-46
800.25 1.96044625e-46
800.5 1.96111825e-46
800.75 1.9618095e-46
801 1.962489375e-46
801.25 1.963224375e-46
801.5 1.963891125e-46
801.75 1.964582375e-46
802 1.965236875e-46
802.25 1.96587125e-46
802.5 1.96651e-46
802.75 1.96719425e-46
803 1.96787325e-46
803.25 1.968518125e-46
803.5 1.96922075e-46
803.75 1.969890125e-46
804 1.97059625e-46
804.25 1.97127e-46
804.5 1.971955125e-46
804.75 1.9726525e-46
805 1.973384875e-46
805.25 1.974111125e-46
805.5 1.97481375e-46
805.75 1.975535625e-46
806 1.9762505e-46
806.25 1.97692425e-46
806.5 1.97757175e-46
806.75 1.978265625e-46
807 1.978965625e-46
807.25 1.979649875e-46
807.5 1.980348125e-46
807.75 1.981074375e-46
808 1.9818225e-46
808.25 1.982500625e-46
808.5 1.983156875e-46
808.75 1.983872625e-46
809 1.984591875e-46
809.25 1.985221875e-46
809.5 1.98595075e-46
809.75 1.98662625e-46
810 1.98728075e-46
810.25 1.987951875e-46
810.5 1.9886475e-46
810.75 1.9894e-46
811 1.990072e-46
811.25 1.990723e-46
811.5 1.9913495e-46
811.75 1.9919725e-46
812 1.992678625e-46
812.25 1.9933375e-46
812.5 1.99399375e-46
812.75 1.9947375e-46
813 1.995378875e-46
813.25 1.996148e-46
813.5 1.9968445e-46
813.75 1.997480625e-46
814 1.998255e-46
814.25 1.998791375e-46
814.5 1.999519375e-46
814.75 2.00019925e-46
815 2.00088e-46
815.25 2.001601875e-46
815.5 2.002294875e-46
815.75 2.00292575e-46
816 2.00365375e-46
816.25 2.004403625e-46
816.5 2.005065125e-46
816.75 2.005773875e-46
817 2.006423125e-46
817.25 2.00710825e-46
817.5 2.007816125e-46
817.75 2.008489875e-46
818 2.009177625e-46
818.25 2.009888125e-46
818.5 2.01051375e-46
818.75 2.011211125e-46
819 2.011944375e-46
819.25 2.012607625e-46
819.5 2.0133225e-46
819.75 2.0140155e-46
820 2.01473125e-46
820.25 2.015435625e-46
820.5 2.0160805e-46
820.75 2.016777e-46
821 2.017404375e-46
821.25 2.0181e-46
821.5 2.018848125e-46
821.75 2.01950875e-46
822 2.020158e-46
822.25 2.020860625e-46
822.5 2.021446875e-46
822.75 2.022076875e-46
823 2.022734875e-46
823.25 2.023452375e-46
823.5 2.024168125e-46
823.75 2.024782375e-46
824 2.02551125e-46
824.25 2.02611325e-46
824.5 2.02670825e-46
824.75 2.02732075e-46
825 2.027948125e-46
825.25 2.0286595e-46
825.5 2.02938575e-46
825.75 2.02996675e-46
826 2.03066325e-46
826.25 2.031308125e-46
826.5 2.031927625e-46
826.75 2.032576875e-46
827 2.0332305e-46
827.25 2.03399875e-46
827.5 2.034675125e-46
827.75 2.0353655e-46
828 2.03592375e-46
828.25 2.03658175e-46
828.5 2.03728875e-46
828.75 2.03792925e-46
829 2.0386345e-46
829.25 2.039191875e-46
829.5 2.039823625e-46
829.75 2.040458875e-46
830 2.0411055e-46
830.25 2.041745125e-46
830.5 2.042418e-46
830.75 2.043173125e-46
831 2.043867e-46
831.25 2.044536375e-46
831.5 2.045245125e-46
831.75 2.045896125e-46
832 2.046569875e-46
832.25 2.0472025e-46
832.5 2.0478325e-46
832.75 2.048545625e-46
833 2.049291125e-46
833.25 2.049945625e-46
833.5 2.0505975e-46
833.75 2.0511645e-46
834 2.051844375e-46
834.25 2.05244375e-46
834.5 2.053086875e-46
834.75 2.053723875e-46
835 2.054425625e-46
835.25 2.05500925e-46
835.5 2.055678625e-46
835.75 2.0562745e-46
836 2.05695e-46
836.25 2.0576255e-46
836.5 2.058294875e-46
836.75 2.058984375e-46
837 2.059614375e-46
837.25 2.0602505e-46
837.5 2.060876125e-46
837.75 2.061495625e-46
838 2.062115125e-46
838.25 2.06275125e-46
838.5 2.063383875e-46
838.75 2.06410575e-46
839 2.064776875e-46
839.25 2.065389375e-46
839.5 2.0660745e-46
839.75 2.066719375e-46
840 2.06738175e-46
840.25 2.067961875e-46
840.5 2.06866625e-46
840.75 2.069347e-46
841 2.06986675e-46
841.25 2.07046875e-46
841.5 2.071155625e-46
841.75 2.071811875e-46
842 2.0723395e-46
842.25 2.073038625e-46
842.5 2.07362925e-46
842.75 2.074246125e-46
843 2.07485425e-46
843.25 2.075443125e-46
843.5 2.076053875e-46
843.75 2.076678625e-46
844 2.07739875e-46
844.25 2.07802175e-46
844.5 2.078643875e-46
844.75 2.07929925e-46
845 2.079916125e-46
845.25 2.080428875e-46
845.5 2.08109125e-46
845.75 2.08175625e-46
846 2.082383625e-46
846.25 2.08296375e-46
846.5 2.083608625e-46
846.75 2.084229875e-46
847 2.084796875e-46
847.25 2.0853805e-46
847.5 2.0860455e-46
847.75 2.086723625e-46
848 2.087365e-46
848.25 2.08788825e-46
848.5 2.088566375e-46
848.75 2.08929875e-46
849 2.089891125e-46
849.25 2.090473e-46
849.5 2.09102425e-46
849.75 2.091711125e-46
850 2.092339375e-46
850.25 2.093020125e-46
850.5 2.093616875e-46
850.75 2.09429325e-46
851 2.094817375e-46
851.25 2.095373875e-46
851.5 2.095953125e-46
851.75 2.09657175e-46
852 2.097195625e-46
852.25 2.09776875e-46
852.5 2.0984845e-46
852.75 2.099040125e-46
853 2.099673625e-46
853.25 2.1002975e-46
853.5 2.1009275e-46
853.75 2.101605625e-46
854 2.102233e-46
854.25 2.10298375e-46
854.5 2.103476375e-46
854.75 2.104230625e-46
855 2.10462875e-46
855.25 2.105159875e-46
855.5 2.1057295e-46
855.75 2.1063105e-46
856 2.10681625e-46
856.25 2.10742e-46
856.5 2.108056125e-46
856.75 2.108658125e-46
857 2.1092575e-46
857.25 2.109855125e-46
857.5 2.110497375e-46
857.75 2.111186875e-46
858 2.111738125e-46
858.25 2.112350625e-46
858.5 2.113015625e-46
858.75 2.113556375e-46
859 2.11428875e-46
859.25 2.114924875e-46
859.5 2.115509375e-46
859.75 2.116130625e-46
860 2.116725625e-46
860.25 2.117292625e-46
860.5 2.117843875e-46
860.75 2.118386375e-46
861 2.119156375e-46
861.25 2.11966125e-46
861.5 2.120120625e-46
861.75 2.120628125e-46
862 2.121240625e-46
862.25 2.121805e-46
862.5 2.12236675e-46
862.75 2.122981875e-46
863 2.12358125e-46
863.25 2.12414125e-46
863.5 2.12464875e-46
863.75 2.12522625e-46
864 2.125685625e-46
864.25 2.126236875e-46
864.5 2.126910625e-46
864.75 2.127374375e-46
865 2.12793875e-46
865.25 2.128398125e-46
865.5 2.1289205e-46
865.75 2.129512e-46
866 2.1300545e-46
866.25 2.13059875e-46
866.5 2.131023125e-46
866.75 2.131654875e-46
867 2.13212125e-46
867.25 2.132738125e-46
867.5 2.133439875e-46
867.75 2.1337575e-46
868 2.134251875e-46
868.25 2.134708625e-46
868.5 2.13514175e-46
868.75 2.135720125e-46
869 2.136087625e-46
869.25 2.136682625e-46
869.5 2.137113125e-46
869.75 2.137578625e-46
870 2.1380275e-46
870.25 2.138408125e-46
870.5 2.138758125e-46
870.75 2.139143125e-46
871 2.13952375e-46
871.25 2.13997e-46
871.5 2.14030425e-46
871.75 2.14071375e-46
872 2.141118875e-46
872.25 2.14144875e-46
872.5 2.1417025e-46
872.75 2.142006125e-46
873 2.142378e-46
873.25 2.142846125e-46
873.5 2.14327925e-46
873.75 2.14354e-46
874 2.1438305e-46
874.25 2.144008125e-46
874.5 2.14412625e-46
874.75 2.144211125e-46
875 2.1443625e-46
875.25 2.14457425e-46
875.5 2.14500125e-46
875.75 2.1739095e-46
876 2.17506625e-46
876.25 2.175852e-46
876.5 2.176330625e-46
876.75 2.17693175e-46
877 2.177336875e-46
877.25 2.17761075e-46
877.5 2.178064875e-46
877.75 2.178465625e-46
878 2.178771875e-46
878.25 2.17915075e-46
878.5 2.179498125e-46
878.75 2.1799155e-46
879 2.180093125e-46
879.25 2.1800975e-46
879.5 2.1800695e-46
879.75 2.179835e-46
880 2.17987875e-46
880.25 2.179835e-46
880.5 2.179550625e-46
880.75 2.17938e-46
881 2.1793975e-46
881.25 2.17875e-46
881.5 2.1784245e-46
881.75 2.177756875e-46
882 2.177109375e-46
882.25 2.1764225e-46
882.5 2.175632375e-46
882.75 2.174685625e-46
883 2.173782625e-46
883.25 2.17290675e-46
883.5 2.1718655e-46
883.75 2.17089425e-46
884 2.16964125e-46
884.25 2.1682325e-46
884.5 2.1668255e-46
884.75 2.165485e-46
885 2.1637595e-46
885.25 2.16219675e-46
885.5 2.1606025e-46
885.75 2.158765e-46
886 2.156798e-46
886.25 2.154796875e-46
886.5 2.15264e-46
886.75 2.15039125e-46
887 2.148062e-46
887.25 2.14549825e-46
887.5 2.142774375e-46
887.75 2.14018175e-46
888 2.137373e-46
888.25 2.13444e-46
888.5 2.13121125e-46
888.75 2.12790375e-46
889 2.1246295e-46
889.25 2.121007e-46
889.5 2.117647e-46
889.75 2.114098e-46
890 2.1102375e-46
890.25 2.106125e-46
890.5 2.10205625e-46
890.75 2.097661125e-46
891 2.093503125e-46
891.25 2.089143e-46
891.5 2.0844075e-46
891.75 2.07970875e-46
892 2.074890125e-46
892.25 2.069871125e-46
892.5 2.0649125e-46
892.75 2.059848875e-46
893 2.05458925e-46
893.25 2.04934625e-46
893.5 2.0437025e-46
893.75 2.037825125e-46
894 2.03195125e-46
894.25 2.02585075e-46
894.5 2.01982375e-46
894.75 2.01374075e-46
895 2.007313875e-46
895.25 2.000805625e-46
895.5 1.994418125e-46
895.75 1.987573e-46
896 1.98114e-46
896.25 1.97404375e-46
896.5 1.966573e-46
896.75 1.959024375e-46
897 1.951429375e-46
897.25 1.943878125e-46
897.5 1.936237625e-46
897.75 1.928198125e-46
898 1.920489375e-46
898.25 1.912448125e-46
898.5 1.90407875e-46
898.75 1.895842375e-46
899 1.887762625e-46
899.25 1.878909375e-46
899.5 1.870467375e-46
899.75 1.86207875e-46
900 1.853263125e-46
900.25 1.8446295e-46
900.5 1.83572375e-46
900.75 1.827013125e-46
901 1.818324375e-46
901.25 1.809346875e-46
901.5 1.800386875e-46
901.75 1.791078625e-46
902 1.781828125e-46
902.25 1.773060625e-46
902.5 1.764230125e-46
902.75 1.75511e-46
903 1.7461255e-46
903.25 1.737187375e-46
903.5 1.728101375e-46
903.75 1.71927875e-46
904 1.709850625e-46
904.25 1.7010245e-46
904.5 1.691823e-46
904.75 1.68266875e-46
905 1.673627375e-46
905.25 1.664859875e-46
905.5 1.655959375e-46
905.75 1.647027375e-46
906 1.637829375e-46
906.25 1.628869375e-46
906.5 1.6199155e-46
906.75 1.611183875e-46
907 1.602096125e-46
907.25 1.59332425e-46
907.5 1.58470375e-46
907.75 1.576010625e-46
908 1.567472375e-46
908.25 1.559287625e-46
908.5 1.550383625e-46
908.75 1.542342375e-46
909 1.53384e-46
909.25 1.526177625e-46
909.5 1.518027e-46
909.75 1.510079375e-46
910 1.502606875e-46
910.25 1.495029375e-46
910.5 1.48757e-46
910.75 1.4807205e-46
911 1.473835125e-46
911.25 1.467151875e-46
911.5 1.4606095e-46
911.75 1.454684875e-46
912 1.449028e-46
912.25 1.443701875e-46
912.5 1.43772125e-46
912.75 1.43234875e-46
913 1.427314875e-46
913.25 1.4224875e-46
913.5 1.417871875e-46
913.75 1.4139195e-46
914 1.409552375e-46
914.25 1.405894875e-46
914.5 1.402207625e-46
914.75 1.398565e-46
915 1.39528375e-46
915.25 1.391716375e-46
915.5 1.38846575e-46
915.75 1.38591425e-46
916 1.38381425e-46
916.25 1.381902375e-46
916.5 1.380290625e-46
916.75 1.37886875e-46
917 1.377961375e-46
917.25 1.37746875e-46
917.5 1.3769245e-46
917.75 1.3766025e-46
918 1.376265625e-46
918.25 1.376694375e-46
918.5 1.37726575e-46
918.75 1.378216875e-46
919 1.379538125e-46
919.25 1.38074125e-46
919.5 1.382651375e-46
919.75 1.38492375e-46
920 1.387528625e-46
920.25 1.3903225e-46
920.5 1.393532e-46
920.75 1.397710125e-46
921 1.4017675e-46
921.25 1.406209875e-46
921.5 1.411001375e-46
921.75 1.41632575e-46
922 1.42216375e-46
922.25 1.4283325e-46
922.5 1.434818875e-46
922.75 1.441836375e-46
923 1.449175e-46
923.25 1.457378125e-46
923.5 1.466007375e-46
923.75 1.475082e-46
924 1.4848575e-46
924.25 1.49513875e-46
924.5 1.506056125e-46
924.75 1.517236875e-46
925 1.52924625e-46
925.25 1.541493625e-46
925.5 1.554030625e-46
925.75 1.567479375e-46
926 1.581503875e-46
926.25 1.595566875e-46
926.5 1.610424375e-46
926.75 1.626219875e-46
927 1.642379375e-46
927.25 1.65930625e-46
927.5 1.67622875e-46
927.75 1.6936955e-46
928 1.711861375e-46
928.25 1.7304175e-46
928.5 1.749617625e-46
928.75 1.769124875e-46
929 1.789116875e-46
929.25 1.80968375e-46
929.5 1.830766875e-46
929.75 1.852606875e-46
930 1.874945625e-46
930.25 1.8973745e-46
930.5 1.92078425e-46
930.75 1.945006875e-46
931 1.96947625e-46
931.25 1.994575625e-46
931.5 2.020011875e-46
931.75 2.0462225e-46
932 2.073343125e-46
932.25 2.100615125e-46
932.5 2.128595e-46
932.75 2.157197e-46
933 2.17664825e-46
933.25 2.181528125e-46
933.5 2.184973875e-46
933.75 2.188221875e-46
934 2.19121875e-46
934.25 2.194653125e-46
934.5 2.19813125e-46
934.75 2.201828125e-46
935 2.20565625e-46
935.25 2.209221875e-46
935.5 2.2127875e-46
935.75 2.216375e-46
936 2.220071875e-46
936.25 2.22376875e-46
936.5 2.227465625e-46
936.75 2.231075e-46
937 2.235209375e-46
937.25 2.23895e-46
937.5 2.242646875e-46
937.75 2.2465625e-46
938 2.2505875e-46
938.25 2.254371875e-46
938.5 2.258025e-46
938.75 2.2616125e-46
939 2.265221875e-46
939.25 2.26900625e-46
939.5 2.272571875e-46
939.75 2.276290625e-46
940 2.279878125e-46
940.25 2.283509375e-46
940.5 2.287096875e-46
940.75 2.29075e-46
941 2.2941625e-46
941.25 2.29753125e-46
941.5 2.301053125e-46
941.75 2.304334375e-46
942 2.307353125e-46
942.25 2.31035e-46
942.5 2.313390625e-46
942.75 2.316190625e-46
943 2.318859375e-46
943.25 2.3212875e-46
943.5 2.323890625e-46
943.75 2.32631875e-46
944 2.32876875e-46
944.25 2.331153125e-46
944.5 2.333296875e-46
944.75 2.33541875e-46
945 2.337453125e-46
945.25 2.339421875e-46
945.5 2.341215625e-46
945.75 2.342921875e-46
946 2.34434375e-46
946.25 2.345896875e-46
946.5 2.347340625e-46
946.75 2.348521875e-46
947 2.349725e-46
947.25 2.350796875e-46
947.5 2.351890625e-46
947.75 2.352678125e-46
948 2.353553125e-46
948.25 2.354034375e-46
948.5 2.35440625e-46
948.75 2.354559375e-46
949 2.354603125e-46
949.25 2.354559375e-46
949.5 2.3543625e-46
949.75 2.354165625e-46
950 2.353903125e-46
950.25 2.35335625e-46
950.5 2.35256875e-46
950.75 2.351715625e-46
951 2.35073125e-46
951.25 2.349484375e-46
951.5 2.348171875e-46
951.75 2.34679375e-46
952 2.3452625e-46
952.25 2.3436e-46
952.5 2.341675e-46
952.75 2.339771875e-46
953 2.337759375e-46
953.25 2.335571875e-46
953.5 2.333165625e-46
953.75 2.330759375e-46
954 2.328178125e-46
954.25 2.325378125e-46
954.5 2.322490625e-46
954.75 2.3193625e-46
955 2.31608125e-46
955.25 2.31275625e-46
955.5 2.3092125e-46
955.75 2.305515625e-46
956 2.301796875e-46
956.25 2.297859375e-46
956.5 2.29376875e-46
956.75 2.289503125e-46
957 2.285259375e-46
957.25 2.280425e-46
957.5 2.2757e-46
957.75 2.270953125e-46
958 2.266140625e-46
958.25 2.26121875e-46
958.5 2.256078125e-46
958.75 2.25085e-46
959 2.24564375e-46
959.25 2.2402625e-46
959.5 2.234925e-46
959.75 2.229215625e-46
960 2.223265625e-46
960.25 2.217228125e-46
960.5 2.211409375e-46
960.75 2.205196875e-46
961 2.198853125e-46
961.25 2.192553125e-46
961.5 2.18599675e-46
961.75 2.179445625e-46
962 2.172543625e-46
962.25 2.165533125e-46
962.5 2.1587125e-46
962.75 2.1516775e-46
963 2.14472825e-46
963.25 2.13772125e-46
963.5 2.130692375e-46
963.75 2.123331875e-46
964 2.1158725e-46
964.25 2.108411375e-46
964.5 2.100643125e-46
964.75 2.093048125e-46
965 2.08540325e-46
965.25 2.077796875e-46
965.5 2.070229875e-46
965.75 2.062545625e-46
966 2.055013625e-46
966.25 2.04736e-46
966.5 2.039699375e-46
966.75 2.031815625e-46
967 2.02383825e-46
967.25 2.015673625e-46
967.5 2.00789575e-46
967.75 1.9998895e-46
968 1.99136875e-46
968.25 1.983130625e-46
968.5 1.974868875e-46
968.75 1.966866125e-46
969 1.9586805e-46
969.25 1.950615625e-46
969.5 1.942647e-46
969.75 1.934463125e-46
970 1.92615325e-46
970.25 1.91759925e-46
970.5 1.909292e-46
970.75 1.901158875e-46
971 1.89029925e-46
971.25 1.8604775e-46
971.5 1.82979825e-46
971.75 1.798314875e-46
972 1.767469375e-46
972.25 1.737115625e-46
972.5 1.707271125e-46
972.75 1.678263125e-46
973 1.649591125e-46
973.25 1.621771375e-46
973.5 1.59445125e-46
973.75 1.56744e-46
974 1.541078e-46
974.25 1.515189375e-46
974.5 1.4895405e-46
974.75 1.464892625e-46
975 1.440536125e-46
975.25 1.41652875e-46
975.5 1.393448875e-46
975.75 1.370621875e-46
976 1.348466875e-46
976.25 1.326740625e-46
976.5 1.305740625e-46
976.75 1.28522625e-46
977 1.264676875e-46
977.25 1.2451005e-46
977.5 1.2260745e-46
977.75 1.207255e-46
978 1.18958875e-46
978.25 1.1726225e-46
978.5 1.156185625e-46
978.75 1.14029125e-46
979 1.124972625e-46
979.25 1.110920125e-46
979.5 1.09695425e-46
979.75 1.0837645e-46
980 1.0713955e-46
980.25 1.058911875e-46
980.5 1.04726825e-46
980.75 1.036713125e-46
981 1.027324375e-46
981.25 1.01834075e-46
981.5 1.011250625e-46
981.75 1.0066595e-46
982 1.0004295e-46
982.25 9.952862499999999e-47
982.5 9.924661249999999e-47
982.75 9.912743750000001e-47
983 9.91503625e-47
983.25 9.9373575e-47
983.5 9.97723125e-47
983.75 1.003368625e-46
984 1.01136875e-46
984.25 1.023019375e-46
984.5 1.037238125e-46
984.75 1.054305e-46
985 1.073865625e-46
985.25 1.098260625e-46
985.5 1.125910625e-46
985.75 1.159011875e-46
986 1.198054375e-46
986.25 1.242556875e-46
986.5 1.296918e-46
986.75 1.36094e-46
987 1.434654375e-46
987.25 1.522112375e-46
987.5 1.620759875e-46
987.75 1.73568325e-46
988 1.870036875e-46
988.25 2.04419425e-46
988.5 2.32999375e-46
988.75 3.031371875e-46
989 4.075465625e-46
989.25 1.0590825e-45
989.5 3.044190625e-45
989.75 6.0629625e-45
990 1.08072125e-44
990.25 1.983067625e-44
990.5 3.786628125e-44
990.75 7.68053125e-44
991 1.729207375e-43
991.25 4.096815625e-43
991.5 1.523298e-42
991.75 1.013116125e-40
992 2.666715625e-42
992.25 2.956384375e-42
992.5 1.653063125e-41
992.75 3.5786625e-41
993 3.00190625e-42
993.25 1.017142e-42
993.5 5.384728125e-43
993.75 5.35644375e-43
994 2.037599375e-42
994.25 2.079651875e-41
994.5 1.496894875e-40
994.75 4.84168125e-42
995 9.104357500000001e-43
995.25 8.188665625e-43
995.5 4.472409375e-42
995.75 1.104849375e-41
996 9.025992499999999e-43
996.25 4.6108125e-43
996.5 9.19492e-42
996.75 2.100975625e-43
997 8.155350000000001e-44
997.25 7.4676e-44
997.5 2.872975e-43
997.75 6.177784375e-42
998 1.980638625e-42
998.25 3.41761875e-43
998.5 1.17802125e-42
998.75 3.68615625e-41
999 2.9189125e-42
999.25 3.53828125e-43
999.5 6.675309374999999e-44
999.75 1.798866125e-44
1000 2.686840625e-45
1000.25 2.00845925e-45
1000.5 1.826540625e-45
1000.75 1.685044375e-45
1001 1.547343875e-45
1001.25 1.416622375e-45
1001.5 1.305819375e-45
1001.75 1.212901375e-45
1002 1.13354675e-45
1002.25 1.08177825e-45
1002.5 1.204853125e-45
1002.75 1.654947e-45
1003 2.597328125e-45
1003.25 5.181771874999999e-45
1003.5 1.28044875e-44
1003.75 3.915953125e-44
1004 1.56471875e-43
1004.25 8.4868e-43
1004.5 9.3219875e-42
1004.75 3.4531875e-43
1005 8.27343125e-44
1005.25 2.321178125e-44
1005.5 8.093684375e-45
1005.75 3.26370625e-45
1006 1.4924e-45
1006.25 3.468740625e-46
1006.5 2.624671875e-46
1006.75 2.29586875e-46
1007 2.072791875e-46
1007.25 1.88581575e-46
1007.5 1.723253e-46
1007.75 1.583546125e-46
1008 1.468247375e-46
1008.25 1.3948725e-46
1008.5 1.33468125e-46
1008.75 1.305959375e-46
1009 1.3442975e-46
1009.25 1.668695e-46
1009.5 5.142353125e-46
1009.75 2.78691875e-45
1010 2.061583125e-46
1010.25 1.074530625e-46
1010.5 8.134153124999999e-47
1010.75 6.84508125e-47
1011 5.964765625000001e-47
1011.25 5.31475e-47
1011.5 4.8010375e-47
1011.75 4.375284375e-47
1012 4.021084375e-47
1012.25 3.721221875e-47
1012.5 3.46635625e-47
1012.75 3.241021875e-47
1013 3.041128125e-47
1013.25 2.8602e-47
1013.5 2.696203125e-47
1013.75 2.55119375e-47
1014 2.423575e-47
1014.25 2.307003125e-47
1014.5 2.20250625e-47
1014.75 2.110294375e-47
1015 2.028515125e-47
1015.25 1.954962625e-47
1015.5 1.889923875e-47
1015.75 1.832928125e-47
1016 1.7850805e-47
1016.25 1.743818125e-47
1016.5 1.7119795e-47
1016.75 1.686685e-47
1017 1.667028125e-47
1017.25 1.651986875e-47
1017.5 1.640123625e-47
1017.75 1.633464875e-47
1018 1.630258875e-47
1018.25 1.630451375e-47
1018.5 1.632885625e-47
1018.75 1.642990125e-47
1019 1.655933125e-47
1019.25 1.675296875e-47
1019.5 1.7029075e-47
1019.75 1.740851875e-47
1020 1.784243125e-47
1020.25 1.838151875e-47
1020.5 1.905596875e-47
1020.75 1.975840125e-47
1021 2.04856575e-47
1021.25 2.12385075e-47
1021.5 2.204234375e-47
1021.75 2.296875e-47
1022 2.39640625e-47
1022.25 2.503440625e-47
1022.5 2.61874375e-47
1022.75 2.750125e-47
1023 2.898765625e-47
1023.25 3.057775e-47
1023.5 3.24130625e-47
1023.75 3.431290625e-47
1024 1
