1.000000e+01 1.900130e-43
1.002306e+01 1.865959e-43
1.004617e+01 1.832407e-43
1.006934e+01 1.799462e-43
1.009256e+01 1.767113e-43
1.011583e+01 1.735350e-43
1.013916e+01 1.704161e-43
1.016254e+01 1.673536e-43
1.018598e+01 1.643464e-43
1.020946e+01 1.613936e-43
1.023301e+01 1.584942e-43
1.025661e+01 1.556472e-43
1.028026e+01 1.528516e-43
1.030396e+01 1.501064e-43
1.032772e+01 1.474109e-43
1.035154e+01 1.447639e-43
1.037541e+01 1.421648e-43
1.039934e+01 1.396125e-43
1.042332e+01 1.371063e-43
1.044735e+01 1.346453e-43
1.047145e+01 1.322288e-43
1.049559e+01 1.298560e-43
1.051980e+01 1.275260e-43
1.054406e+01 1.252383e-43
1.056837e+01 1.229920e-43
1.059274e+01 1.207864e-43
1.061717e+01 1.186209e-43
1.064165e+01 1.164946e-43
1.066619e+01 1.144069e-43
1.069079e+01 1.123571e-43
1.071544e+01 1.103443e-43
1.074015e+01 1.083680e-43
1.076492e+01 1.064275e-43
1.078974e+01 1.045220e-43
1.081462e+01 1.026509e-43
1.083956e+01 1.008137e-43
1.086456e+01 9.900955e-44
1.088961e+01 9.723799e-44
1.091472e+01 9.549836e-44
1.093989e+01 9.379009e-44
1.096512e+01 9.211257e-44
1.099040e+01 9.046526e-44
1.101575e+01 8.884758e-44
1.104115e+01 8.725903e-44
1.106661e+01 8.569909e-44
1.109213e+01 8.416728e-44
1.111771e+01 8.266311e-44
1.114335e+01 8.118612e-44
1.116904e+01 7.973584e-44
1.119480e+01 7.831181e-44
1.122062e+01 7.691359e-44
1.124649e+01 7.554077e-44
1.127243e+01 7.419297e-44
1.129842e+01 7.286981e-44
1.132447e+01 7.157091e-44
1.135059e+01 7.029591e-44
1.137676e+01 6.904444e-44
1.140300e+01 6.781615e-44
1.142929e+01 6.661065e-44
1.145565e+01 6.542747e-44
1.148207e+01 6.426610e-44
1.150854e+01 6.312607e-44
1.153508e+01 6.200690e-44
1.156168e+01 6.090813e-44
1.158834e+01 5.982932e-44
1.161507e+01 5.877002e-44
1.164185e+01 5.772984e-44
1.166870e+01 5.670843e-44
1.169561e+01 5.570546e-44
1.172258e+01 5.472061e-44
1.174961e+01 5.375353e-44
1.177670e+01 5.280391e-44
1.180386e+01 5.187143e-44
1.183108e+01 5.095579e-44
1.185836e+01 5.005664e-44
1.188571e+01 4.917365e-44
1.191311e+01 4.830649e-44
1.194059e+01 4.745485e-44
1.196812e+01 4.661840e-44
1.199572e+01 4.579684e-44
1.202338e+01 4.498987e-44
1.205111e+01 4.419724e-44
1.207890e+01 4.341874e-44
1.210675e+01 4.265415e-44
1.213467e+01 4.190324e-44
1.216265e+01 4.116582e-44
1.219070e+01 4.044166e-44
1.221881e+01 3.973058e-44
1.224699e+01 3.903235e-44
1.227523e+01 3.834676e-44
1.230354e+01 3.767361e-44
1.233191e+01 3.701269e-44
1.236035e+01 3.636379e-44
1.238885e+01 3.572673e-44
1.241742e+01 3.510130e-44
1.244605e+01 3.448728e-44
1.247476e+01 3.388443e-44
1.250352e+01 3.329251e-44
1.253236e+01 3.271129e-44
1.256125e+01 3.214054e-44
1.259022e+01 3.158004e-44
1.261925e+01 3.102957e-44
1.264835e+01 3.048891e-44
1.267752e+01 2.995787e-44
1.270676e+01 2.943625e-44
1.273606e+01 2.892388e-44
1.276543e+01 2.842055e-44
1.279486e+01 2.792608e-44
1.282437e+01 2.744030e-44
1.285394e+01 2.696303e-44
1.288358e+01 2.649410e-44
1.291329e+01 2.603333e-44
1.294307e+01 2.558058e-44
1.297292e+01 2.513567e-44
1.300283e+01 2.469845e-44
1.303282e+01 2.426875e-44
1.306287e+01 2.384643e-44
1.309300e+01 2.343129e-44
1.312319e+01 2.302319e-44
1.315345e+01 2.262196e-44
1.318378e+01 2.222744e-44
1.321418e+01 2.183950e-44
1.324466e+01 2.145801e-44
1.327520e+01 2.108294e-44
1.330581e+01 2.071422e-44
1.333649e+01 2.035179e-44
1.336725e+01 1.999561e-44
1.339807e+01 1.964563e-44
1.342897e+01 1.930178e-44
1.345994e+01 1.896397e-44
1.349098e+01 1.863212e-44
1.352209e+01 1.830612e-44
1.355327e+01 1.798590e-44
1.358452e+01 1.767136e-44
1.361585e+01 1.736241e-44
1.364725e+01 1.705896e-44
1.367872e+01 1.676090e-44
1.371026e+01 1.646814e-44
1.374188e+01 1.618059e-44
1.377356e+01 1.589814e-44
1.380533e+01 1.562070e-44
1.383716e+01 1.534817e-44
1.386907e+01 1.508049e-44
1.390105e+01 1.481755e-44
1.393311e+01 1.455928e-44
1.396524e+01 1.430560e-44
1.399744e+01 1.405642e-44
1.402972e+01 1.381166e-44
1.406207e+01 1.357126e-44
1.409450e+01 1.333512e-44
1.412700e+01 1.310317e-44
1.415958e+01 1.287533e-44
1.419223e+01 1.265154e-44
1.422496e+01 1.243171e-44
1.425776e+01 1.221578e-44
1.429064e+01 1.200369e-44
1.432359e+01 1.179537e-44
1.435662e+01 1.159076e-44
1.438973e+01 1.138981e-44
1.442291e+01 1.119245e-44
1.445617e+01 1.099860e-44
1.448951e+01 1.080819e-44
1.452292e+01 1.062113e-44
1.455641e+01 1.043734e-44
1.458998e+01 1.025675e-44
1.462362e+01 1.007928e-44
1.465735e+01 9.904854e-45
1.469115e+01 9.733408e-45
1.472502e+01 9.564872e-45
1.475898e+01 9.399181e-45
1.479302e+01 9.236270e-45
1.482713e+01 9.076081e-45
1.486132e+01 8.918580e-45
1.489559e+01 8.763742e-45
1.492994e+01 8.611543e-45
1.496437e+01 8.461957e-45
1.499887e+01 8.314958e-45
1.503346e+01 8.170520e-45
1.506813e+01 8.028607e-45
1.510288e+01 7.889184e-45
1.513770e+01 7.752216e-45
1.517261e+01 7.617666e-45
1.520760e+01 7.485499e-45
1.524267e+01 7.355681e-45
1.527782e+01 7.228182e-45
1.531305e+01 7.102969e-45
1.534836e+01 6.980011e-45
1.538376e+01 6.859277e-45
1.541923e+01 6.740735e-45
1.545479e+01 6.624349e-45
1.549043e+01 6.510079e-45
1.552615e+01 6.397887e-45
1.556195e+01 6.287734e-45
1.559784e+01 6.179584e-45
1.563381e+01 6.073402e-45
1.566986e+01 5.969173e-45
1.570599e+01 5.866882e-45
1.574221e+01 5.766514e-45
1.577851e+01 5.668054e-45
1.581490e+01 5.571483e-45
1.585137e+01 5.476764e-45
1.588792e+01 5.383834e-45
1.592456e+01 5.292632e-45
1.596128e+01 5.203102e-45
1.599809e+01 5.115187e-45
1.603498e+01 5.028836e-45
1.607195e+01 4.944006e-45
1.610902e+01 4.860655e-45
1.614616e+01 4.778746e-45
1.618340e+01 4.698242e-45
1.622072e+01 4.619108e-45
1.625812e+01 4.541330e-45
1.629561e+01 4.464913e-45
1.633319e+01 4.389856e-45
1.637085e+01 4.316162e-45
1.640861e+01 4.243828e-45
1.644645e+01 4.172839e-45
1.648437e+01 4.103155e-45
1.652238e+01 4.034737e-45
1.656048e+01 3.967545e-45
1.659867e+01 3.901542e-45
1.663695e+01 3.836696e-45
1.667531e+01 3.772989e-45
1.671377e+01 3.710408e-45
1.675231e+01 3.648939e-45
1.679094e+01 3.588570e-45
1.682966e+01 3.529284e-45
1.686847e+01 3.471055e-45
1.690737e+01 3.413853e-45
1.694636e+01 3.357646e-45
1.698544e+01 3.302407e-45
1.702460e+01 3.248109e-45
1.706386e+01 3.194756e-45
1.710321e+01 3.142370e-45
1.714265e+01 3.090969e-45
1.718218e+01 3.040571e-45
1.722181e+01 2.991192e-45
1.726152e+01 2.942835e-45
1.730132e+01 2.895497e-45
1.734122e+01 2.849176e-45
1.738121e+01 2.803874e-45
1.742129e+01 2.759594e-45
1.746147e+01 2.716308e-45
1.750173e+01 2.673952e-45
1.754209e+01 2.632459e-45
1.758254e+01 2.591756e-45
1.762309e+01 2.551766e-45
1.766373e+01 2.512448e-45
1.770446e+01 2.473789e-45
1.774529e+01 2.435777e-45
1.778621e+01 2.398404e-45
1.782722e+01 2.361658e-45
1.786833e+01 2.325521e-45
1.790954e+01 2.289962e-45
1.795084e+01 2.254953e-45
1.799223e+01 2.220465e-45
1.803372e+01 2.186471e-45
1.807531e+01 2.152946e-45
1.811699e+01 2.119867e-45
1.815877e+01 2.087213e-45
1.820064e+01 2.054964e-45
1.824261e+01 2.023102e-45
1.828468e+01 1.991614e-45
1.832684e+01 1.960491e-45
1.836911e+01 1.929723e-45
1.841147e+01 1.899305e-45
1.845392e+01 1.869237e-45
1.849648e+01 1.839533e-45
1.853913e+01 1.810207e-45
1.858188e+01 1.781273e-45
1.862473e+01 1.752746e-45
1.866768e+01 1.724633e-45
1.871073e+01 1.696941e-45
1.875388e+01 1.669674e-45
1.879712e+01 1.642837e-45
1.884047e+01 1.616437e-45
1.888391e+01 1.590485e-45
1.892746e+01 1.564995e-45
1.897111e+01 1.539977e-45
1.901486e+01 1.515438e-45
1.905870e+01 1.491372e-45
1.910265e+01 1.467758e-45
1.914670e+01 1.444574e-45
1.919086e+01 1.421804e-45
1.923511e+01 1.399438e-45
1.927947e+01 1.377513e-45
1.932393e+01 1.356074e-45
1.936849e+01 1.335154e-45
1.941315e+01 1.314774e-45
1.945792e+01 1.294923e-45
1.950279e+01 1.275534e-45
1.954776e+01 1.256546e-45
1.959284e+01 1.237901e-45
1.963802e+01 1.219550e-45
1.968331e+01 1.201483e-45
1.972869e+01 1.183705e-45
1.977419e+01 1.166220e-45
1.981979e+01 1.149034e-45
1.986549e+01 1.132144e-45
1.991130e+01 1.115543e-45
1.995722e+01 1.099224e-45
2.000324e+01 1.083179e-45
2.004937e+01 1.067400e-45
2.009560e+01 1.051885e-45
2.014194e+01 1.036629e-45
2.018839e+01 1.021627e-45
2.023494e+01 1.006877e-45
2.028161e+01 9.923730e-46
2.032838e+01 9.781114e-46
2.037525e+01 9.640877e-46
2.042224e+01 9.502973e-46
2.046933e+01 9.367362e-46
2.051654e+01 9.234003e-46
2.056385e+01 9.102859e-46
2.061127e+01 8.973889e-46
2.065880e+01 8.847057e-46
2.070644e+01 8.722325e-46
2.075419e+01 8.599655e-46
2.080204e+01 8.479011e-46
2.085001e+01 8.360358e-46
2.089810e+01 8.243661e-46
2.094629e+01 8.128888e-46
2.099459e+01 8.016005e-46
2.104300e+01 7.904980e-46
2.109153e+01 7.795782e-46
2.114016e+01 7.688380e-46
2.118891e+01 7.582741e-46
2.123778e+01 7.478837e-46
2.128675e+01 7.376638e-46
2.133584e+01 7.276113e-46
2.138504e+01 7.177234e-46
2.143435e+01 7.079973e-46
2.148378e+01 6.984301e-46
2.153332e+01 6.890191e-46
2.158298e+01 6.797616e-46
2.163275e+01 6.706550e-46
2.168263e+01 6.616966e-46
2.173263e+01 6.528840e-46
2.178275e+01 6.442145e-46
2.183298e+01 6.356858e-46
2.188333e+01 6.272954e-46
2.193379e+01 6.190409e-46
2.198437e+01 6.109201e-46
2.203507e+01 6.029305e-46
2.208588e+01 5.950700e-46
2.213681e+01 5.873363e-46
2.218786e+01 5.797273e-46
2.223902e+01 5.722408e-46
2.229031e+01 5.648747e-46
2.234171e+01 5.576270e-46
2.239323e+01 5.504956e-46
2.244487e+01 5.434786e-46
2.249663e+01 5.365739e-46
2.254850e+01 5.297796e-46
2.260050e+01 5.230939e-46
2.265262e+01 5.165148e-46
2.270485e+01 5.100406e-46
2.275721e+01 5.036696e-46
2.280969e+01 4.974002e-46
2.286229e+01 4.912305e-46
2.291501e+01 4.851585e-46
2.296785e+01 4.791820e-46
2.302082e+01 4.732991e-46
2.307390e+01 4.675078e-46
2.312711e+01 4.618068e-46
2.318044e+01 4.561944e-46
2.323390e+01 4.506693e-46
2.328747e+01 4.452302e-46
2.334117e+01 4.398756e-46
2.339500e+01 4.346043e-46
2.344895e+01 4.294150e-46
2.350302e+01 4.243064e-46
2.355722e+01 4.192774e-46
2.361154e+01 4.143267e-46
2.366599e+01 4.094530e-46
2.372057e+01 4.046551e-46
2.377527e+01 3.999315e-46
2.383009e+01 3.952810e-46
2.388504e+01 3.907027e-46
2.394012e+01 3.861958e-46
2.399533e+01 3.817598e-46
2.405066e+01 3.773939e-46
2.410612e+01 3.730973e-46
2.416171e+01 3.688692e-46
2.421743e+01 3.647087e-46
2.427328e+01 3.606146e-46
2.432925e+01 3.565847e-46
2.438535e+01 3.526168e-46
2.444159e+01 3.487091e-46
2.449795e+01 3.448603e-46
2.455444e+01 3.410697e-46
2.461106e+01 3.373367e-46
2.466782e+01 3.336603e-46
2.472470e+01 3.300397e-46
2.478172e+01 3.264739e-46
2.483886e+01 3.229619e-46
2.489614e+01 3.195028e-46
2.495355e+01 3.160955e-46
2.501110e+01 3.127393e-46
2.506877e+01 3.094333e-46
2.512658e+01 3.061770e-46
2.518452e+01 3.029701e-46
2.524260e+01 2.998120e-46
2.530081e+01 2.967020e-46
2.535915e+01 2.936392e-46
2.541763e+01 2.906227e-46
2.547624e+01 2.876518e-46
2.553499e+01 2.847254e-46
2.559388e+01 2.818429e-46
2.565290e+01 2.790034e-46
2.571205e+01 2.762062e-46
2.577134e+01 2.734504e-46
2.583077e+01 2.707354e-46
2.589034e+01 2.680605e-46
2.595004e+01 2.654248e-46
2.600988e+01 2.628277e-46
2.606986e+01 2.602685e-46
2.612998e+01 2.577465e-46
2.619023e+01 2.552610e-46
2.625063e+01 2.528114e-46
2.631116e+01 2.503970e-46
2.637184e+01 2.480171e-46
2.643265e+01 2.456713e-46
2.649360e+01 2.433588e-46
2.655470e+01 2.410790e-46
2.661593e+01 2.388313e-46
2.667731e+01 2.366152e-46
2.673883e+01 2.344301e-46
2.680049e+01 2.322754e-46
2.686229e+01 2.301506e-46
2.692424e+01 2.280551e-46
2.698632e+01 2.259884e-46
2.704855e+01 2.239499e-46
2.711093e+01 2.219393e-46
2.717345e+01 2.199559e-46
2.723611e+01 2.179993e-46
2.729892e+01 2.160691e-46
2.736187e+01 2.141647e-46
2.742496e+01 2.122857e-46
2.748821e+01 2.104318e-46
2.755159e+01 2.086024e-46
2.761513e+01 2.067975e-46
2.767881e+01 2.050166e-46
2.774264e+01 2.032595e-46
2.780661e+01 2.015258e-46
2.787073e+01 1.998153e-46
2.793500e+01 1.981276e-46
2.799942e+01 1.964624e-46
2.806399e+01 1.948195e-46
2.812870e+01 1.931985e-46
2.819357e+01 1.915991e-46
2.825858e+01 1.900211e-46
2.832375e+01 1.884642e-46
2.838906e+01 1.869280e-46
2.845453e+01 1.854123e-46
2.852014e+01 1.839168e-46
2.858591e+01 1.824413e-46
2.865183e+01 1.809853e-46
2.871790e+01 1.795488e-46
2.878413e+01 1.781313e-46
2.885050e+01 1.767325e-46
2.891703e+01 1.753524e-46
2.898372e+01 1.739904e-46
2.905055e+01 1.726465e-46
2.911754e+01 1.713202e-46
2.918469e+01 1.700114e-46
2.925199e+01 1.687198e-46
2.931944e+01 1.674451e-46
2.938705e+01 1.661870e-46
2.945482e+01 1.649454e-46
2.952274e+01 1.637199e-46
2.959082e+01 1.625103e-46
2.965906e+01 1.613164e-46
2.972745e+01 1.601379e-46
2.979601e+01 1.589746e-46
2.986472e+01 1.578262e-46
2.993358e+01 1.566925e-46
3.000261e+01 1.555733e-46
3.007180e+01 1.544685e-46
3.014114e+01 1.533775e-46
3.021065e+01 1.523003e-46
3.028032e+01 1.512365e-46
3.035014e+01 1.501859e-46
3.042013e+01 1.491483e-46
3.049028e+01 1.481234e-46
3.056059e+01 1.471112e-46
3.063106e+01 1.461113e-46
3.070170e+01 1.451236e-46
3.077250e+01 1.441479e-46
3.084346e+01 1.431840e-46
3.091458e+01 1.422317e-46
3.098587e+01 1.412908e-46
3.105733e+01 1.403612e-46
3.112894e+01 1.394427e-46
3.120073e+01 1.385351e-46
3.127268e+01 1.376383e-46
3.134479e+01 1.367520e-46
3.141707e+01 1.358760e-46
3.148952e+01 1.350102e-46
3.156214e+01 1.341550e-46
3.163492e+01 1.333109e-46
3.170787e+01 1.324777e-46
3.178099e+01 1.316546e-46
3.185428e+01 1.308407e-46
3.192773e+01 1.300357e-46
3.200136e+01 1.292398e-46
3.207515e+01 1.284528e-46
3.214912e+01 1.276747e-46
3.222325e+01 1.269052e-46
3.229756e+01 1.261441e-46
3.237204e+01 1.253913e-46
3.244669e+01 1.246467e-46
3.252151e+01 1.239101e-46
3.259651e+01 1.231814e-46
3.267167e+01 1.224605e-46
3.274701e+01 1.217472e-46
3.282253e+01 1.210414e-46
3.289822e+01 1.203430e-46
3.297408e+01 1.196519e-46
3.305012e+01 1.189682e-46
3.312633e+01 1.182917e-46
3.320273e+01 1.176224e-46
3.327929e+01 1.169602e-46
3.335603e+01 1.163050e-46
3.343295e+01 1.156567e-46
3.351005e+01 1.150153e-46
3.358732e+01 1.143806e-46
3.366478e+01 1.137525e-46
3.374241e+01 1.131311e-46
3.382022e+01 1.125161e-46
3.389821e+01 1.119076e-46
3.397638e+01 1.113054e-46
3.405473e+01 1.107094e-46
3.413326e+01 1.101197e-46
3.421197e+01 1.095360e-46
3.429086e+01 1.089583e-46
3.436994e+01 1.083866e-46
3.444919e+01 1.078208e-46
3.452863e+01 1.072607e-46
3.460826e+01 1.067064e-46
3.468806e+01 1.061576e-46
3.476805e+01 1.056145e-46
3.484823e+01 1.050768e-46
3.492859e+01 1.045445e-46
3.500914e+01 1.040176e-46
3.508987e+01 1.034959e-46
3.517079e+01 1.029794e-46
3.525189e+01 1.024681e-46
3.533318e+01 1.019618e-46
3.541466e+01 1.014605e-46
3.549632e+01 1.009641e-46
3.557818e+01 1.004726e-46
3.566022e+01 9.998582e-47
3.574246e+01 9.950379e-47
3.582488e+01 9.902639e-47
3.590749e+01 9.855358e-47
3.599029e+01 9.808531e-47
3.607329e+01 9.762152e-47
3.615647e+01 9.716213e-47
3.623985e+01 9.670704e-47
3.632342e+01 9.625619e-47
3.640718e+01 9.580951e-47
3.649114e+01 9.536695e-47
3.657529e+01 9.492847e-47
3.665963e+01 9.449402e-47
3.674417e+01 9.406353e-47
3.682890e+01 9.363693e-47
3.691383e+01 9.321418e-47
3.699895e+01 9.279533e-47
3.708427e+01 9.238038e-47
3.716979e+01 9.196922e-47
3.725550e+01 9.156172e-47
3.734141e+01 9.115781e-47
3.742752e+01 9.075747e-47
3.751383e+01 9.036064e-47
3.760034e+01 8.996728e-47
3.768704e+01 8.957735e-47
3.777395e+01 8.919080e-47
3.786106e+01 8.880758e-47
3.794837e+01 8.842766e-47
3.803587e+01 8.805100e-47
3.812358e+01 8.767755e-47
3.821150e+01 8.730726e-47
3.829961e+01 8.694011e-47
3.838793e+01 8.657605e-47
3.847646e+01 8.621505e-47
3.856518e+01 8.585705e-47
3.865411e+01 8.550203e-47
3.874325e+01 8.514995e-47
3.883259e+01 8.480077e-47
3.892214e+01 8.445445e-47
3.901190e+01 8.411096e-47
3.910186e+01 8.377027e-47
3.919203e+01 8.343234e-47
3.928240e+01 8.309714e-47
3.937299e+01 8.276462e-47
3.946379e+01 8.243477e-47
3.955479e+01 8.210755e-47
3.964600e+01 8.178292e-47
3.973743e+01 8.146086e-47
3.982906e+01 8.114133e-47
3.992091e+01 8.082431e-47
4.001297e+01 8.050976e-47
4.010524e+01 8.019765e-47
4.019772e+01 7.988795e-47
4.029041e+01 7.958064e-47
4.038332e+01 7.927569e-47
4.047645e+01 7.897307e-47
4.056979e+01 7.867275e-47
4.066334e+01 7.837470e-47
4.075711e+01 7.807890e-47
4.085110e+01 7.778533e-47
4.094530e+01 7.749394e-47
4.103972e+01 7.720473e-47
4.113436e+01 7.691766e-47
4.122922e+01 7.663271e-47
4.132429e+01 7.634986e-47
4.141958e+01 7.606908e-47
4.151510e+01 7.579034e-47
4.161083e+01 7.551363e-47
4.170679e+01 7.523892e-47
4.180296e+01 7.496621e-47
4.189936e+01 7.469549e-47
4.199598e+01 7.442671e-47
4.209282e+01 7.415983e-47
4.218989e+01 7.389484e-47
4.228718e+01 7.363170e-47
4.238470e+01 7.337041e-47
4.248244e+01 7.311094e-47
4.258040e+01 7.285328e-47
4.267859e+01 7.259739e-47
4.277701e+01 7.234326e-47
4.287565e+01 7.209087e-47
4.297452e+01 7.184020e-47
4.307362e+01 7.159124e-47
4.317295e+01 7.134396e-47
4.327251e+01 7.109835e-47
4.337230e+01 7.085438e-47
4.347231e+01 7.061205e-47
4.357256e+01 7.037133e-47
4.367304e+01 7.013220e-47
4.377375e+01 6.989466e-47
4.387469e+01 6.965868e-47
4.397587e+01 6.942424e-47
4.407728e+01 6.919134e-47
4.417892e+01 6.895995e-47
4.428079e+01 6.873005e-47
4.438291e+01 6.850164e-47
4.448525e+01 6.827470e-47
4.458784e+01 6.804921e-47
4.469066e+01 6.782515e-47
4.479371e+01 6.760252e-47
4.489701e+01 6.738129e-47
4.500054e+01 6.716146e-47
4.510431e+01 6.694300e-47
4.520832e+01 6.672591e-47
4.531258e+01 6.651016e-47
4.541707e+01 6.629575e-47
4.552180e+01 6.608267e-47
4.562677e+01 6.587089e-47
4.573199e+01 6.566041e-47
4.583745e+01 6.545121e-47
4.594315e+01 6.524328e-47
4.604909e+01 6.503661e-47
4.615528e+01 6.483118e-47
4.626172e+01 6.462699e-47
4.636840e+01 6.442401e-47
4.647532e+01 6.422224e-47
4.658249e+01 6.402167e-47
4.668991e+01 6.382227e-47
4.679758e+01 6.362405e-47
4.690550e+01 6.342700e-47
4.701366e+01 6.323109e-47
4.712208e+01 6.303631e-47
4.723074e+01 6.284267e-47
4.733965e+01 6.265013e-47
4.744882e+01 6.245871e-47
4.755824e+01 6.226837e-47
4.766791e+01 6.207912e-47
4.777783e+01 6.189095e-47
4.788800e+01 6.170383e-47
4.799844e+01 6.151777e-47
4.810912e+01 6.133275e-47
4.822006e+01 6.114876e-47
4.833125e+01 6.096579e-47
4.844271e+01 6.078384e-47
4.855442e+01 6.060289e-47
4.866638e+01 6.042294e-47
4.877861e+01 6.024397e-47
4.889109e+01 6.006598e-47
4.900384e+01 5.988895e-47
4.911684e+01 5.971288e-47
4.923010e+01 5.953776e-47
4.934363e+01 5.936358e-47
4.945741e+01 5.919034e-47
4.957146e+01 5.901801e-47
4.968578e+01 5.884660e-47
4.980035e+01 5.867610e-47
4.991519e+01 5.850650e-47
5.003030e+01 5.833779e-47
5.014567e+01 5.816995e-47
5.026130e+01 5.800300e-47
5.037721e+01 5.783691e-47
5.049338e+01 5.767168e-47
5.060981e+01 5.750730e-47
5.072652e+01 5.734377e-47
5.084350e+01 5.718107e-47
5.096074e+01 5.701921e-47
5.107826e+01 5.685816e-47
5.119604e+01 5.669793e-47
5.131410e+01 5.653851e-47
5.143243e+01 5.637989e-47
5.155104e+01 5.622206e-47
5.166992e+01 5.606503e-47
5.178907e+01 5.590877e-47
5.190849e+01 5.575328e-47
5.202819e+01 5.559857e-47
5.214817e+01 5.544461e-47
5.226843e+01 5.529141e-47
5.238896e+01 5.513896e-47
5.250977e+01 5.498725e-47
5.263085e+01 5.483627e-47
5.275222e+01 5.468603e-47
5.287387e+01 5.453651e-47
5.299580e+01 5.438771e-47
5.311800e+01 5.423962e-47
5.324050e+01 5.409223e-47
5.336327e+01 5.394555e-47
5.348632e+01 5.379956e-47
5.360966e+01 5.365426e-47
5.373329e+01 5.350964e-47
5.385720e+01 5.336570e-47
5.398139e+01 5.322244e-47
5.410587e+01 5.307984e-47
5.423064e+01 5.293790e-47
5.435570e+01 5.279662e-47
5.448104e+01 5.265599e-47
5.460668e+01 5.251600e-47
5.473260e+01 5.237666e-47
5.485881e+01 5.223795e-47
5.498532e+01 5.209988e-47
5.511212e+01 5.196243e-47
5.523920e+01 5.182560e-47
5.536659e+01 5.168939e-47
5.549426e+01 5.155379e-47
5.562223e+01 5.141880e-47
5.575050e+01 5.128441e-47
5.587906e+01 5.115062e-47
5.600792e+01 5.101742e-47
5.613707e+01 5.088481e-47
5.626652e+01 5.075278e-47
5.639628e+01 5.062134e-47
5.652632e+01 5.049047e-47
5.665667e+01 5.036017e-47
5.678733e+01 5.023044e-47
5.691828e+01 5.010126e-47
5.704953e+01 4.997265e-47
5.718109e+01 4.984460e-47
5.731295e+01 4.971709e-47
5.744511e+01 4.959013e-47
5.757758e+01 4.946371e-47
5.771036e+01 4.933784e-47
5.784344e+01 4.921249e-47
5.797682e+01 4.908768e-47
5.811052e+01 4.896339e-47
5.824452e+01 4.883963e-47
5.837883e+01 4.871638e-47
5.851346e+01 4.859366e-47
5.864839e+01 4.847144e-47
5.878363e+01 4.834973e-47
5.891919e+01 4.822853e-47
5.905506e+01 4.810782e-47
5.919124e+01 4.798762e-47
5.932773e+01 4.786791e-47
5.946454e+01 4.774869e-47
5.960167e+01 4.762996e-47
5.973911e+01 4.751171e-47
5.987687e+01 4.739394e-47
6.001495e+01 4.727665e-47
6.015334e+01 4.715983e-47
6.029205e+01 4.704348e-47
6.043109e+01 4.692760e-47
6.057044e+01 4.681219e-47
6.071012e+01 4.669724e-47
6.085012e+01 4.658274e-47
6.099044e+01 4.646870e-47
6.113108e+01 4.635512e-47
6.127205e+01 4.624198e-47
6.141334e+01 4.612928e-47
6.155497e+01 4.601703e-47
6.169691e+01 4.590522e-47
6.183919e+01 4.579385e-47
6.198179e+01 4.568291e-47
6.212472e+01 4.557241e-47
6.226798e+01 4.546233e-47
6.241157e+01 4.535268e-47
6.255549e+01 4.524345e-47
6.269974e+01 4.513464e-47
6.284433e+01 4.502625e-47
6.298925e+01 4.491827e-47
6.313450e+01 4.481071e-47
6.328009e+01 4.470356e-47
6.342601e+01 4.459681e-47
6.357227e+01 4.449047e-47
6.371887e+01 4.438453e-47
6.386581e+01 4.427899e-47
6.401309e+01 4.417384e-47
6.416070e+01 4.406909e-47
6.430866e+01 4.396474e-47
6.445695e+01 4.386077e-47
6.460559e+01 4.375719e-47
6.475457e+01 4.365400e-47
6.490389e+01 4.355118e-47
6.505356e+01 4.344875e-47
6.520358e+01 4.334669e-47
6.535394e+01 4.324501e-47
6.550464e+01 4.314371e-47
6.565570e+01 4.304277e-47
6.580710e+01 4.294220e-47
6.595885e+01 4.284200e-47
6.611095e+01 4.274217e-47
6.626341e+01 4.264269e-47
6.641621e+01 4.254358e-47
6.656937e+01 4.244482e-47
6.672288e+01 4.234642e-47
6.687674e+01 4.224838e-47
6.703096e+01 4.215068e-47
6.718553e+01 4.205334e-47
6.734046e+01 4.195634e-47
6.749575e+01 4.185968e-47
6.765139e+01 4.176337e-47
6.780740e+01 4.166741e-47
6.796376e+01 4.157178e-47
6.812049e+01 4.147649e-47
6.827758e+01 4.138153e-47
6.843502e+01 4.128691e-47
6.859284e+01 4.119262e-47
6.875101e+01 4.109866e-47
6.890955e+01 4.100502e-47
6.906846e+01 4.091172e-47
6.922773e+01 4.081874e-47
6.938737e+01 4.072608e-47
6.954738e+01 4.063374e-47
6.970776e+01 4.054172e-47
6.986850e+01 4.045001e-47
7.002962e+01 4.035863e-47
7.019111e+01 4.026755e-47
7.035297e+01 4.017679e-47
7.051520e+01 4.008634e-47
7.067781e+01 3.999620e-47
7.084079e+01 3.990636e-47
7.100415e+01 3.981683e-47
7.116789e+01 3.972760e-47
7.133200e+01 3.963868e-47
7.149650e+01 3.955006e-47
7.166137e+01 3.946173e-47
7.182662e+01 3.937370e-47
7.199225e+01 3.928597e-47
7.215827e+01 3.919853e-47
7.232466e+01 3.911138e-47
7.249145e+01 3.902452e-47
7.265861e+01 3.893796e-47
7.282616e+01 3.885168e-47
7.299410e+01 3.876568e-47
7.316243e+01 3.867998e-47
7.333114e+01 3.859455e-47
7.350024e+01 3.850941e-47
7.366973e+01 3.842455e-47
7.383962e+01 3.833996e-47
7.400989e+01 3.825566e-47
7.418056e+01 3.817163e-47
7.435162e+01 3.808788e-47
7.452307e+01 3.800439e-47
7.469492e+01 3.792119e-47
7.486717e+01 3.783825e-47
7.503982e+01 3.775558e-47
7.521286e+01 3.767318e-47
7.538630e+01 3.759104e-47
7.556014e+01 3.750917e-47
7.573438e+01 3.742757e-47
7.590903e+01 3.734622e-47
7.608407e+01 3.726514e-47
7.625952e+01 3.718432e-47
7.643538e+01 3.710376e-47
7.661164e+01 3.702345e-47
7.678831e+01 3.694340e-47
7.696538e+01 3.686361e-47
7.714287e+01 3.678407e-47
7.732076e+01 3.670478e-47
7.749906e+01 3.662574e-47
7.767777e+01 3.654696e-47
7.785690e+01 3.646842e-47
7.803644e+01 3.639013e-47
7.821639e+01 3.631209e-47
7.839676e+01 3.623429e-47
7.857754e+01 3.615674e-47
7.875874e+01 3.607943e-47
7.894036e+01 3.600236e-47
7.912240e+01 3.592553e-47
7.930485e+01 3.584895e-47
7.948773e+01 3.577260e-47
7.967103e+01 3.569649e-47
7.985475e+01 3.562061e-47
8.003890e+01 3.554497e-47
8.022347e+01 3.546957e-47
8.040846e+01 3.539439e-47
8.059389e+01 3.531945e-47
8.077974e+01 3.524475e-47
8.096602e+01 3.517027e-47
8.115272e+01 3.509602e-47
8.133986e+01 3.502199e-47
8.152743e+01 3.494820e-47
8.171544e+01 3.487463e-47
8.190387e+01 3.480129e-47
8.209274e+01 3.472817e-47
8.228205e+01 3.465527e-47
8.247179e+01 3.458259e-47
8.266197e+01 3.451014e-47
8.285259e+01 3.443790e-47
8.304365e+01 3.436589e-47
8.323515e+01 3.429409e-47
8.342709e+01 3.422251e-47
8.361947e+01 3.415115e-47
8.381230e+01 3.408000e-47
8.400557e+01 3.400906e-47
8.419929e+01 3.393834e-47
8.439346e+01 3.386783e-47
8.458807e+01 3.379754e-47
8.478313e+01 3.372745e-47
8.497864e+01 3.365757e-47
8.517460e+01 3.358791e-47
8.537101e+01 3.351845e-47
8.556788e+01 3.344919e-47
8.576520e+01 3.338015e-47
8.596298e+01 3.331131e-47
8.616121e+01 3.324267e-47
8.635989e+01 3.317424e-47
8.655904e+01 3.310601e-47
8.675865e+01 3.303798e-47
8.695871e+01 3.297015e-47
8.715924e+01 3.290253e-47
8.736023e+01 3.283510e-47
8.756168e+01 3.276787e-47
8.776360e+01 3.270084e-47
8.796599e+01 3.263401e-47
8.816884e+01 3.256737e-47
8.837215e+01 3.250093e-47
8.857594e+01 3.243468e-47
8.878020e+01 3.236863e-47
8.898493e+01 3.230277e-47
8.919012e+01 3.223711e-47
8.939580e+01 3.217163e-47
8.960195e+01 3.210635e-47
8.980857e+01 3.204125e-47
9.001567e+01 3.197635e-47
9.022324e+01 3.191163e-47
9.043130e+01 3.184710e-47
9.063984e+01 3.178276e-47
9.084885e+01 3.171861e-47
9.105835e+01 3.165464e-47
9.126833e+01 3.159085e-47
9.147880e+01 3.152725e-47
9.168975e+01 3.146384e-47
9.190118e+01 3.140060e-47
9.211311e+01 3.133755e-47
9.232552e+01 3.127468e-47
9.253843e+01 3.121199e-47
9.275182e+01 3.114948e-47
9.296571e+01 3.108715e-47
9.318009e+01 3.102500e-47
9.339496e+01 3.096303e-47
9.361033e+01 3.090124e-47
9.382620e+01 3.083962e-47
9.404256e+01 3.077818e-47
9.425942e+01 3.071691e-47
9.447679e+01 3.065582e-47
9.469465e+01 3.059490e-47
9.491302e+01 3.053415e-47
9.513189e+01 3.047358e-47
9.535126e+01 3.041318e-47
9.557114e+01 3.035296e-47
9.579153e+01 3.029290e-47
9.601243e+01 3.023301e-47
9.623383e+01 3.017330e-47
9.645575e+01 3.011375e-47
9.667817e+01 3.005437e-47
9.690112e+01 2.999516e-47
9.712457e+01 2.993612e-47
9.734854e+01 2.987724e-47
9.757303e+01 2.981853e-47
9.779803e+01 2.975998e-47
9.802355e+01 2.970160e-47
9.824960e+01 2.964339e-47
9.847616e+01 2.958533e-47
9.870325e+01 2.952745e-47
9.893086e+01 2.946972e-47
9.915899e+01 2.941215e-47
9.938765e+01 2.935475e-47
9.961684e+01 2.929751e-47
9.984656e+01 2.924043e-47
1.000768e+02 2.918351e-47
1.003076e+02 2.912675e-47
1.005389e+02 2.907014e-47
1.007707e+02 2.901370e-47
1.010031e+02 2.895741e-47
1.012360e+02 2.890128e-47
1.014695e+02 2.884531e-47
1.017035e+02 2.878949e-47
1.019380e+02 2.873383e-47
1.021731e+02 2.867832e-47
1.024087e+02 2.862297e-47
1.026448e+02 2.856777e-47
1.028815e+02 2.851273e-47
1.031188e+02 2.845784e-47
1.033566e+02 2.840310e-47
1.035949e+02 2.834851e-47
1.038338e+02 2.829407e-47
1.040733e+02 2.823979e-47
1.043132e+02 2.818566e-47
1.045538e+02 2.813167e-47
1.047949e+02 2.807784e-47
1.050366e+02 2.802415e-47
1.052788e+02 2.797061e-47
1.055215e+02 2.791723e-47
1.057649e+02 2.786398e-47
1.060088e+02 2.781089e-47
1.062532e+02 2.775794e-47
1.064982e+02 2.770514e-47
1.067438e+02 2.765249e-47
1.069900e+02 2.759998e-47
1.072367e+02 2.754761e-47
1.074840e+02 2.749539e-47
1.077318e+02 2.744331e-47
1.079803e+02 2.739138e-47
1.082293e+02 2.733959e-47
1.084789e+02 2.728794e-47
1.087290e+02 2.723644e-47
1.089797e+02 2.718507e-47
1.092310e+02 2.713385e-47
1.094829e+02 2.708277e-47
1.097354e+02 2.703183e-47
1.099885e+02 2.698102e-47
1.102421e+02 2.693036e-47
1.104963e+02 2.687984e-47
1.107511e+02 2.682945e-47
1.110065e+02 2.677921e-47
1.112625e+02 2.672910e-47
1.115191e+02 2.667913e-47
1.117762e+02 2.662930e-47
1.120340e+02 2.657960e-47
1.122923e+02 2.653004e-47
1.125513e+02 2.648061e-47
1.128108e+02 2.643132e-47
1.130710e+02 2.638217e-47
1.133317e+02 2.633315e-47
1.135931e+02 2.628426e-47
1.138550e+02 2.623551e-47
1.141175e+02 2.618689e-47
1.143807e+02 2.613841e-47
1.146445e+02 2.609005e-47
1.149088e+02 2.604183e-47
1.151738e+02 2.599374e-47
1.154394e+02 2.594579e-47
1.157056e+02 2.589796e-47
1.159724e+02 2.585027e-47
1.162399e+02 2.580270e-47
1.165079e+02 2.575527e-47
1.167766e+02 2.570796e-47
1.170459e+02 2.566079e-47
1.173158e+02 2.561374e-47
1.175863e+02 2.556682e-47
1.178575e+02 2.552003e-47
1.181292e+02 2.547337e-47
1.184017e+02 2.542683e-47
1.186747e+02 2.538042e-47
1.189484e+02 2.533414e-47
1.192227e+02 2.528799e-47
1.194976e+02 2.524196e-47
1.197731e+02 2.519606e-47
1.200493e+02 2.515028e-47
1.203262e+02 2.510463e-47
1.206037e+02 2.505910e-47
1.208818e+02 2.501369e-47
1.211605e+02 2.496841e-47
1.214399e+02 2.492326e-47
1.217200e+02 2.487823e-47
1.220006e+02 2.483332e-47
1.222820e+02 2.478853e-47
1.225640e+02 2.474387e-47
1.228466e+02 2.469932e-47
1.231299e+02 2.465490e-47
1.234138e+02 2.461060e-47
1.236984e+02 2.456643e-47
1.239837e+02 2.452237e-47
1.242696e+02 2.447843e-47
1.245561e+02 2.443461e-47
1.248434e+02 2.439092e-47
1.251312e+02 2.434734e-47
1.254198e+02 2.430388e-47
1.257090e+02 2.426054e-47
1.259989e+02 2.421732e-47
1.262895e+02 2.417422e-47
1.265807e+02 2.413123e-47
1.268726e+02 2.408837e-47
1.271651e+02 2.404562e-47
1.274584e+02 2.400298e-47
1.277523e+02 2.396047e-47
1.280469e+02 2.391807e-47
1.283422e+02 2.387579e-47
1.286381e+02 2.383362e-47
1.289348e+02 2.379157e-47
1.292321e+02 2.374963e-47
1.295301e+02 2.370781e-47
1.298288e+02 2.366610e-47
1.301282e+02 2.362451e-47
1.304283e+02 2.358303e-47
1.307291e+02 2.354167e-47
1.310305e+02 2.350042e-47
1.313327e+02 2.345928e-47
1.316355e+02 2.341826e-47
1.319391e+02 2.337734e-47
1.322433e+02 2.333655e-47
1.325483e+02 2.329586e-47
1.328539e+02 2.325529e-47
1.331603e+02 2.321482e-47
1.334674e+02 2.317447e-47
1.337751e+02 2.313423e-47
1.340836e+02 2.309410e-47
1.343928e+02 2.305408e-47
1.347028e+02 2.301417e-47
1.350134e+02 2.297438e-47
1.353247e+02 2.293469e-47
1.356368e+02 2.289511e-47
1.359496e+02 2.285564e-47
1.362631e+02 2.281628e-47
1.365773e+02 2.277703e-47
1.368922e+02 2.273789e-47
1.372079e+02 2.269885e-47
1.375243e+02 2.265992e-47
1.378414e+02 2.262111e-47
1.381593e+02 2.258240e-47
1.384779e+02 2.254379e-47
1.387972e+02 2.250530e-47
1.391173e+02 2.246691e-47
1.394381e+02 2.242862e-47
1.397596e+02 2.239045e-47
1.400819e+02 2.235238e-47
1.404050e+02 2.231441e-47
1.407287e+02 2.227655e-47
1.410533e+02 2.223880e-47
1.413785e+02 2.220115e-47
1.417046e+02 2.216361e-47
1.420313e+02 2.212617e-47
1.423588e+02 2.208884e-47
1.426871e+02 2.205161e-47
1.430162e+02 2.201448e-47
1.433460e+02 2.197746e-47
1.436765e+02 2.194055e-47
1.440078e+02 2.190373e-47
1.443399e+02 2.186702e-47
1.446728e+02 2.183041e-47
1.450064e+02 2.179391e-47
1.453408e+02 2.175750e-47
1.456759e+02 2.172120e-47
1.460119e+02 2.168501e-47
1.463486e+02 2.164891e-47
1.466860e+02 2.161291e-47
1.470243e+02 2.157702e-47
1.473633e+02 2.154123e-47
1.477032e+02 2.150554e-47
1.480438e+02 2.146995e-47
1.483852e+02 2.143446e-47
1.487273e+02 2.139907e-47
1.490703e+02 2.136378e-47
1.494141e+02 2.132859e-47
1.497586e+02 2.129351e-47
1.501039e+02 2.125852e-47
1.504501e+02 2.122363e-47
1.507970e+02 2.118884e-47
1.511448e+02 2.115414e-47
1.514933e+02 2.111955e-47
1.518427e+02 2.108506e-47
1.521928e+02 2.105066e-47
1.525438e+02 2.101637e-47
1.528955e+02 2.098217e-47
1.532481e+02 2.094807e-47
1.536015e+02 2.091406e-47
1.539557e+02 2.088016e-47
1.543107e+02 2.084635e-47
1.546666e+02 2.081264e-47
1.550232e+02 2.077902e-47
1.553807e+02 2.074550e-47
1.557390e+02 2.071208e-47
1.560982e+02 2.067876e-47
1.564581e+02 2.064553e-47
1.568189e+02 2.061240e-47
1.571806e+02 2.057936e-47
1.575430e+02 2.054642e-47
1.579063e+02 2.051357e-47
1.582704e+02 2.048083e-47
1.586354e+02 2.044817e-47
1.590012e+02 2.041561e-47
1.593679e+02 2.038315e-47
1.597354e+02 2.035078e-47
1.601037e+02 2.031850e-47
1.604729e+02 2.028632e-47
1.608430e+02 2.025423e-47
1.612139e+02 2.022224e-47
1.615856e+02 2.019034e-47
1.619583e+02 2.015853e-47
1.623317e+02 2.012682e-47
1.627061e+02 2.009520e-47
1.630813e+02 2.006368e-47
1.634574e+02 2.003224e-47
1.638343e+02 2.000090e-47
1.642121e+02 1.996966e-47
1.645908e+02 1.993850e-47
1.649703e+02 1.990744e-47
1.653507e+02 1.987647e-47
1.657320e+02 1.984559e-47
1.661142e+02 1.981480e-47
1.664973e+02 1.978411e-47
1.668812e+02 1.975351e-47
1.672661e+02 1.972300e-47
1.676518e+02 1.969258e-47
1.680384e+02 1.966225e-47
1.684259e+02 1.963201e-47
1.688143e+02 1.960186e-47
1.692036e+02 1.957181e-47
1.695937e+02 1.954184e-47
1.699848e+02 1.951197e-47
1.703768e+02 1.948218e-47
1.707697e+02 1.945249e-47
1.711635e+02 1.942288e-47
1.715582e+02 1.939337e-47
1.719538e+02 1.936394e-47
1.723503e+02 1.933461e-47
1.727478e+02 1.930536e-47
1.731461e+02 1.927620e-47
1.735454e+02 1.924714e-47
1.739456e+02 1.921816e-47
1.743467e+02 1.918927e-47
1.747488e+02 1.916047e-47
1.751517e+02 1.913176e-47
1.755557e+02 1.910313e-47
1.759605e+02 1.907460e-47
1.763663e+02 1.904615e-47
1.767730e+02 1.901779e-47
1.771806e+02 1.898952e-47
1.775892e+02 1.896134e-47
1.779987e+02 1.893325e-47
1.784092e+02 1.890524e-47
1.788206e+02 1.887732e-47
1.792329e+02 1.884949e-47
1.796462e+02 1.882174e-47
1.800605e+02 1.879408e-47
1.804757e+02 1.876651e-47
1.808919e+02 1.873903e-47
1.813091e+02 1.871163e-47
1.817271e+02 1.868432e-47
1.821462e+02 1.865710e-47
1.825662e+02 1.862996e-47
1.829872e+02 1.860291e-47
1.834092e+02 1.857595e-47
1.838322e+02 1.854907e-47
1.842561e+02 1.852228e-47
1.846810e+02 1.849557e-47
1.851068e+02 1.846895e-47
1.855337e+02 1.844241e-47
1.859615e+02 1.841597e-47
1.863904e+02 1.838960e-47
1.868202e+02 1.836332e-47
1.872510e+02 1.833713e-47
1.876828e+02 1.831102e-47
1.881156e+02 1.828500e-47
1.885494e+02 1.825906e-47
1.889842e+02 1.823321e-47
1.894200e+02 1.820744e-47
1.898568e+02 1.818176e-47
1.902946e+02 1.815616e-47
1.907334e+02 1.813064e-47
1.911733e+02 1.810521e-47
1.916141e+02 1.807987e-47
1.920560e+02 1.805461e-47
1.924989e+02 1.802943e-47
1.929428e+02 1.800434e-47
1.933877e+02 1.797933e-47
1.938336e+02 1.795440e-47
1.942806e+02 1.792956e-47
1.947286e+02 1.790480e-47
1.951777e+02 1.788013e-47
1.956278e+02 1.785553e-47
1.960789e+02 1.783103e-47
1.965310e+02 1.780660e-47
1.969842e+02 1.778226e-47
1.974385e+02 1.775800e-47
1.978938e+02 1.773383e-47
1.983501e+02 1.770973e-47
1.988075e+02 1.768572e-47
1.992660e+02 1.766180e-47
1.997255e+02 1.763795e-47
2.001860e+02 1.761419e-47
2.006477e+02 1.759052e-47
2.011104e+02 1.756692e-47
2.015741e+02 1.754341e-47
2.020390e+02 1.751997e-47
2.025049e+02 1.749662e-47
2.029718e+02 1.747336e-47
2.034399e+02 1.745017e-47
2.039090e+02 1.742707e-47
2.043793e+02 1.740405e-47
2.048506e+02 1.738111e-47
2.053229e+02 1.735825e-47
2.057964e+02 1.733548e-47
2.062710e+02 1.731279e-47
2.067466e+02 1.729017e-47
2.072234e+02 1.726764e-47
2.077013e+02 1.724520e-47
2.081802e+02 1.722283e-47
2.086603e+02 1.720054e-47
2.091415e+02 1.717834e-47
2.096238e+02 1.715622e-47
2.101071e+02 1.713417e-47
2.105916e+02 1.711221e-47
2.110773e+02 1.709033e-47
2.115640e+02 1.706853e-47
2.120519e+02 1.704682e-47
2.125409e+02 1.702518e-47
2.130310e+02 1.700362e-47
2.135223e+02 1.698215e-47
2.140146e+02 1.696075e-47
2.145082e+02 1.693944e-47
2.150028e+02 1.691821e-47
2.154986e+02 1.689706e-47
2.159956e+02 1.687598e-47
2.164936e+02 1.685499e-47
2.169929e+02 1.683408e-47
2.174933e+02 1.681325e-47
2.179948e+02 1.679250e-47
2.184975e+02 1.677183e-47
2.190014e+02 1.675124e-47
2.195064e+02 1.673073e-47
2.200126e+02 1.671030e-47
2.205199e+02 1.668995e-47
2.210284e+02 1.666969e-47
2.215381e+02 1.664950e-47
2.220490e+02 1.662939e-47
2.225610e+02 1.660936e-47
2.230743e+02 1.658941e-47
2.235887e+02 1.656954e-47
2.241043e+02 1.654975e-47
2.246211e+02 1.653004e-47
2.251390e+02 1.651041e-47
2.256582e+02 1.649086e-47
2.261786e+02 1.647139e-47
2.267002e+02 1.645200e-47
2.272229e+02 1.643269e-47
2.277469e+02 1.641346e-47
2.282721e+02 1.639431e-47
2.287985e+02 1.637524e-47
2.293261e+02 1.635625e-47
2.298549e+02 1.633734e-47
2.303850e+02 1.631850e-47
2.309162e+02 1.629975e-47
2.314487e+02 1.628108e-47
2.319825e+02 1.626248e-47
2.325174e+02 1.624397e-47
2.330536e+02 1.622553e-47
2.335910e+02 1.620718e-47
2.341297e+02 1.618890e-47
2.346696e+02 1.617070e-47
2.352107e+02 1.615258e-47
2.357531e+02 1.613455e-47
2.362968e+02 1.611659e-47
2.368417e+02 1.609871e-47
2.373878e+02 1.608091e-47
2.379353e+02 1.606318e-47
2.384839e+02 1.604554e-47
2.390339e+02 1.602798e-47
2.395851e+02 1.601049e-47
2.401376e+02 1.599309e-47
2.406913e+02 1.597576e-47
2.412464e+02 1.595852e-47
2.418027e+02 1.594135e-47
2.423603e+02 1.592426e-47
2.429192e+02 1.590726e-47
2.434794e+02 1.589033e-47
2.440408e+02 1.587348e-47
2.446036e+02 1.585670e-47
2.451676e+02 1.584001e-47
2.457330e+02 1.582340e-47
2.462997e+02 1.580687e-47
2.468676e+02 1.579041e-47
2.474369e+02 1.577404e-47
2.480075e+02 1.575774e-47
2.485794e+02 1.574153e-47
2.491526e+02 1.572539e-47
2.497272e+02 1.570933e-47
2.503031e+02 1.569335e-47
2.508803e+02 1.567745e-47
2.514588e+02 1.566163e-47
2.520387e+02 1.564589e-47
2.526199e+02 1.563023e-47
2.532024e+02 1.561465e-47
2.537863e+02 1.559914e-47
2.543715e+02 1.558372e-47
2.549581e+02 1.556838e-47
2.555460e+02 1.555311e-47
2.561353e+02 1.553792e-47
2.567260e+02 1.552282e-47
2.573180e+02 1.550779e-47
2.579114e+02 1.549284e-47
2.585061e+02 1.547798e-47
2.591022e+02 1.546319e-47
2.596997e+02 1.544848e-47
2.602986e+02 1.543385e-47
2.608988e+02 1.541930e-47
2.615005e+02 1.540483e-47
2.621035e+02 1.539044e-47
2.627079e+02 1.537613e-47
2.633137e+02 1.536189e-47
2.639209e+02 1.534774e-47
2.645295e+02 1.533367e-47
2.651395e+02 1.531968e-47
2.657509e+02 1.530576e-47
2.663638e+02 1.529193e-47
2.669780e+02 1.527818e-47
2.675937e+02 1.526451e-47
2.682107e+02 1.525091e-47
2.688292e+02 1.523740e-47
2.694491e+02 1.522397e-47
2.700705e+02 1.521061e-47
2.706933e+02 1.519734e-47
2.713175e+02 1.518415e-47
2.719432e+02 1.517103e-47
2.725703e+02 1.515800e-47
2.731988e+02 1.514505e-47
2.738288e+02 1.513218e-47
2.744603e+02 1.511938e-47
2.750932e+02 1.510667e-47
2.757276e+02 1.509404e-47
2.763634e+02 1.508149e-47
2.770007e+02 1.506902e-47
2.776394e+02 1.505663e-47
2.782797e+02 1.504432e-47
2.789214e+02 1.503210e-47
2.795646e+02 1.501995e-47
2.802093e+02 1.500788e-47
2.808554e+02 1.499590e-47
2.815031e+02 1.498399e-47
2.821522e+02 1.497217e-47
2.828029e+02 1.496043e-47
2.834550e+02 1.494876e-47
2.841087e+02 1.493718e-47
2.847638e+02 1.492568e-47
2.854205e+02 1.491427e-47
2.860787e+02 1.490293e-47
2.867384e+02 1.489168e-47
2.873996e+02 1.488050e-47
2.880623e+02 1.486941e-47
2.887266e+02 1.485840e-47
2.893924e+02 1.484747e-47
2.900598e+02 1.483663e-47
2.907287e+02 1.482586e-47
2.913991e+02 1.481518e-47
2.920710e+02 1.480458e-47
2.927446e+02 1.479406e-47
2.934196e+02 1.478362e-47
2.940963e+02 1.477327e-47
2.947744e+02 1.476299e-47
2.954542e+02 1.475281e-47
2.961355e+02 1.474270e-47
2.968184e+02 1.473267e-47
2.975029e+02 1.472273e-47
2.981889e+02 1.471287e-47
2.988765e+02 1.470310e-47
2.995657e+02 1.469340e-47
3.002566e+02 1.468379e-47
3.009490e+02 1.467427e-47
3.016429e+02 1.466482e-47
3.023385e+02 1.465546e-47
3.030357e+02 1.464618e-47
3.037345e+02 1.463699e-47
3.044349e+02 1.462788e-47
3.051370e+02 1.461885e-47
3.058406e+02 1.460991e-47
3.065459e+02 1.460105e-47
3.072528e+02 1.459227e-47
3.079613e+02 1.458358e-47
3.086715e+02 1.457498e-47
3.093833e+02 1.456645e-47
3.100967e+02 1.455801e-47
3.108118e+02 1.454966e-47
3.115285e+02 1.454139e-47
3.122469e+02 1.453321e-47
3.129670e+02 1.452511e-47
3.136887e+02 1.451709e-47
3.144120e+02 1.450916e-47
3.151371e+02 1.450132e-47
3.158638e+02 1.449356e-47
3.165922e+02 1.448588e-47
3.173222e+02 1.447830e-47
3.180540e+02 1.447079e-47
3.187874e+02 1.446337e-47
3.195225e+02 1.445604e-47
3.202594e+02 1.444880e-47
3.209979e+02 1.444164e-47
3.217381e+02 1.443456e-47
3.224800e+02 1.442758e-47
3.232237e+02 1.442068e-47
3.239690e+02 1.441386e-47
3.247161e+02 1.440714e-47
3.254649e+02 1.440050e-47
3.262154e+02 1.439394e-47
3.269677e+02 1.438748e-47
3.277217e+02 1.438110e-47
3.284774e+02 1.437481e-47
3.292349e+02 1.436860e-47
3.299941e+02 1.436249e-47
3.307551e+02 1.435646e-47
3.315178e+02 1.435052e-47
3.322823e+02 1.434467e-47
3.330485e+02 1.433890e-47
3.338165e+02 1.433323e-47
3.345863e+02 1.432764e-47
3.353579e+02 1.432214e-47
3.361312e+02 1.431673e-47
3.369063e+02 1.431141e-47
3.376832e+02 1.430618e-47
3.384619e+02 1.430104e-47
3.392424e+02 1.429598e-47
3.400247e+02 1.429102e-47
3.408088e+02 1.428615e-47
3.415947e+02 1.428136e-47
3.423825e+02 1.427667e-47
3.431720e+02 1.427207e-47
3.439633e+02 1.426755e-47
3.447565e+02 1.426313e-47
3.455515e+02 1.425880e-47
3.463484e+02 1.425456e-47
3.471471e+02 1.425041e-47
3.479476e+02 1.424635e-47
3.487500e+02 1.424239e-47
3.495542e+02 1.423851e-47
3.503603e+02 1.423473e-47
3.511682e+02 1.423104e-47
3.519780e+02 1.422744e-47
3.527896e+02 1.422393e-47
3.536032e+02 1.422052e-47
3.544186e+02 1.421719e-47
3.552359e+02 1.421396e-47
3.560551e+02 1.421083e-47
3.568761e+02 1.420779e-47
3.576991e+02 1.420484e-47
3.585240e+02 1.420198e-47
3.593507e+02 1.419922e-47
3.601794e+02 1.419655e-47
3.610100e+02 1.419398e-47
3.618424e+02 1.419150e-47
3.626769e+02 1.418912e-47
3.635132e+02 1.418683e-47
3.643514e+02 1.418463e-47
3.651916e+02 1.418253e-47
3.660338e+02 1.418053e-47
3.668779e+02 1.417862e-47
3.677239e+02 1.417681e-47
3.685719e+02 1.417509e-47
3.694218e+02 1.417347e-47
3.702737e+02 1.417195e-47
3.711275e+02 1.417052e-47
3.719834e+02 1.416919e-47
3.728412e+02 1.416796e-47
3.737009e+02 1.416683e-47
3.745627e+02 1.416579e-47
3.754264e+02 1.416485e-47
3.762922e+02 1.416401e-47
3.771599e+02 1.416327e-47
3.780296e+02 1.416262e-47
3.789014e+02 1.416208e-47
3.797751e+02 1.416163e-47
3.806509e+02 1.416128e-47
3.815287e+02 1.416104e-47
3.824085e+02 1.416089e-47
3.832903e+02 1.416084e-47
3.841742e+02 1.416090e-47
3.850601e+02 1.416105e-47
3.859480e+02 1.416131e-47
3.868380e+02 1.416167e-47
3.877301e+02 1.416213e-47
3.886242e+02 1.416269e-47
3.895204e+02 1.416335e-47
3.904186e+02 1.416412e-47
3.913189e+02 1.416499e-47
3.922213e+02 1.416596e-47
3.931258e+02 1.416704e-47
3.940323e+02 1.416822e-47
3.949410e+02 1.416951e-47
3.958517e+02 1.417090e-47
3.967645e+02 1.417239e-47
3.976795e+02 1.417400e-47
3.985965e+02 1.417571e-47
3.995157e+02 1.417752e-47
4.004370e+02 1.417945e-47
4.013604e+02 1.418148e-47
4.022859e+02 1.418362e-47
4.032136e+02 1.418587e-47
4.041434e+02 1.418823e-47
4.050754e+02 1.419070e-47
4.060095e+02 1.419328e-47
4.069457e+02 1.419598e-47
4.078842e+02 1.419879e-47
4.088247e+02 1.420172e-47
4.097675e+02 1.420476e-47
4.107124e+02 1.420793e-47
4.116595e+02 1.421121e-47
4.126088e+02 1.421462e-47
4.135603e+02 1.421815e-47
4.145140e+02 1.422181e-47
4.154699e+02 1.422561e-47
4.164279e+02 1.422954e-47
4.173882e+02 1.423362e-47
4.183507e+02 1.423785e-47
4.193154e+02 1.424224e-47
4.202824e+02 1.424680e-47
4.212516e+02 1.425156e-47
4.222230e+02 1.425651e-47
4.231966e+02 1.426170e-47
4.241725e+02 1.426717e-47
4.251506e+02 1.427295e-47
4.261311e+02 1.427912e-47
4.271137e+02 1.428580e-47
4.280986e+02 1.429314e-47
4.290858e+02 1.430140e-47
4.300753e+02 1.431101e-47
4.310671e+02 1.432272e-47
4.320611e+02 1.433800e-47
4.330575e+02 1.435989e-47
4.340561e+02 1.439582e-47
4.350570e+02 1.446791e-47
4.360603e+02 1.466960e-47
4.370658e+02 1.585092e-47
4.380737e+02 1.418983e-46
4.390839e+02 1.534507e-47
4.400964e+02 1.461980e-47
4.411113e+02 1.447783e-47
4.421285e+02 1.443090e-47
4.431481e+02 1.441252e-47
4.441700e+02 1.440565e-47
4.451942e+02 1.440434e-47
4.462208e+02 1.440606e-47
4.472498e+02 1.440959e-47
4.482812e+02 1.441430e-47
4.493149e+02 1.441982e-47
4.503510e+02 1.442593e-47
4.513896e+02 1.443249e-47
4.524305e+02 1.443941e-47
4.534738e+02 1.444663e-47
4.545195e+02 1.445411e-47
4.555676e+02 1.446181e-47
4.566182e+02 1.446971e-47
4.576711e+02 1.447780e-47
4.587265e+02 1.448606e-47
4.597844e+02 1.449449e-47
4.608446e+02 1.450308e-47
4.619073e+02 1.451182e-47
4.629725e+02 1.452071e-47
4.640401e+02 1.452974e-47
4.651102e+02 1.453891e-47
4.661827e+02 1.454823e-47
4.672578e+02 1.455768e-47
4.683353e+02 1.456727e-47
4.694152e+02 1.457700e-47
4.704977e+02 1.458686e-47
4.715827e+02 1.459685e-47
4.726702e+02 1.460698e-47
4.737601e+02 1.461725e-47
4.748526e+02 1.462764e-47
4.759477e+02 1.463817e-47
4.770452e+02 1.464884e-47
4.781453e+02 1.465963e-47
4.792479e+02 1.467057e-47
4.803530e+02 1.468163e-47
4.814607e+02 1.469283e-47
4.825710e+02 1.470416e-47
4.836838e+02 1.471563e-47
4.847991e+02 1.472723e-47
4.859171e+02 1.473896e-47
4.870376e+02 1.475084e-47
4.881608e+02 1.476284e-47
4.892865e+02 1.477498e-47
4.904148e+02 1.478726e-47
4.915457e+02 1.479968e-47
4.926792e+02 1.481223e-47
4.938153e+02 1.482492e-47
4.949540e+02 1.483774e-47
4.960954e+02 1.485070e-47
4.972394e+02 1.486381e-47
4.983860e+02 1.487705e-47
4.995353e+02 1.489043e-47
5.006872e+02 1.490395e-47
5.018418e+02 1.491760e-47
5.029991e+02 1.493140e-47
5.041590e+02 1.494534e-47
5.053216e+02 1.495943e-47
5.064869e+02 1.497365e-47
5.076548e+02 1.498802e-47
5.088255e+02 1.500252e-47
5.099988e+02 1.501718e-47
5.111749e+02 1.503197e-47
5.123537e+02 1.504691e-47
5.135352e+02 1.506199e-47
5.147194e+02 1.507722e-47
5.159063e+02 1.509260e-47
5.170960e+02 1.510812e-47
5.182884e+02 1.512378e-47
5.194836e+02 1.513960e-47
5.206816e+02 1.515556e-47
5.218822e+02 1.517167e-47
5.230857e+02 1.518792e-47
5.242920e+02 1.520433e-47
5.255010e+02 1.522089e-47
5.267128e+02 1.523759e-47
5.279274e+02 1.525445e-47
5.291448e+02 1.527146e-47
5.303650e+02 1.528862e-47
5.315880e+02 1.530593e-47
5.328139e+02 1.532340e-47
5.340426e+02 1.534101e-47
5.352740e+02 1.535879e-47
5.365084e+02 1.537671e-47
5.377456e+02 1.539479e-47
5.389856e+02 1.541303e-47
5.402285e+02 1.543142e-47
5.414743e+02 1.544997e-47
5.427230e+02 1.546867e-47
5.439745e+02 1.548754e-47
5.452289e+02 1.550656e-47
5.464862e+02 1.552574e-47
5.477464e+02 1.554508e-47
5.490095e+02 1.556458e-47
5.502755e+02 1.558424e-47
5.515445e+02 1.560406e-47
5.528163e+02 1.562404e-47
5.540911e+02 1.564419e-47
5.553689e+02 1.566450e-47
5.566495e+02 1.568497e-47
5.579332e+02 1.570561e-47
5.592198e+02 1.572641e-47
5.605094e+02 1.574737e-47
5.618019e+02 1.576850e-47
5.630974e+02 1.578980e-47
5.643959e+02 1.581126e-47
5.656974e+02 1.583290e-47
5.670019e+02 1.585470e-47
5.683094e+02 1.587667e-47
5.696200e+02 1.589881e-47
5.709335e+02 1.592112e-47
5.722501e+02 1.594360e-47
5.735697e+02 1.596625e-47
5.748923e+02 1.598907e-47
5.762181e+02 1.601207e-47
5.775468e+02 1.603524e-47
5.788786e+02 1.605858e-47
5.802135e+02 1.608210e-47
5.815515e+02 1.610580e-47
5.828926e+02 1.612967e-47
5.842367e+02 1.615372e-47
5.855840e+02 1.617794e-47
5.869343e+02 1.620234e-47
5.882878e+02 1.622692e-47
5.896444e+02 1.625168e-47
5.910041e+02 1.627662e-47
5.923670e+02 1.630175e-47
5.937330e+02 1.632705e-47
5.951022e+02 1.635253e-47
5.964745e+02 1.637820e-47
5.978500e+02 1.640405e-47
5.992286e+02 1.643009e-47
6.006104e+02 1.645631e-47
6.019954e+02 1.648271e-47
6.033836e+02 1.650931e-47
6.047750e+02 1.653609e-47
6.061697e+02 1.656305e-47
6.075675e+02 1.659021e-47
6.089686e+02 1.661755e-47
6.103728e+02 1.664509e-47
6.117804e+02 1.667282e-47
6.131911e+02 1.670073e-47
6.146052e+02 1.672884e-47
6.160224e+02 1.675714e-47
6.174430e+02 1.678564e-47
6.188668e+02 1.681433e-47
6.202939e+02 1.684322e-47
6.217243e+02 1.687230e-47
6.231580e+02 1.690158e-47
6.245950e+02 1.693105e-47
6.260354e+02 1.696073e-47
6.274790e+02 1.699060e-47
6.289260e+02 1.702067e-47
6.303763e+02 1.705095e-47
6.318299e+02 1.708142e-47
6.332869e+02 1.711210e-47
6.347473e+02 1.714298e-47
6.362110e+02 1.717406e-47
6.376781e+02 1.720535e-47
6.391486e+02 1.723684e-47
6.406225e+02 1.726854e-47
6.420998e+02 1.730045e-47
6.435805e+02 1.733257e-47
6.450646e+02 1.736489e-47
6.465521e+02 1.739742e-47
6.480431e+02 1.743017e-47
6.495375e+02 1.746312e-47
6.510353e+02 1.749629e-47
6.525366e+02 1.752967e-47
6.540413e+02 1.756326e-47
6.555496e+02 1.759707e-47
6.570613e+02 1.763109e-47
6.585765e+02 1.766534e-47
6.600951e+02 1.769979e-47
6.616173e+02 1.773447e-47
6.631430e+02 1.776936e-47
6.646722e+02 1.780448e-47
6.662050e+02 1.783981e-47
6.677413e+02 1.787537e-47
6.692811e+02 1.791115e-47
6.708244e+02 1.794715e-47
6.723714e+02 1.798337e-47
6.739218e+02 1.801983e-47
6.754759e+02 1.805650e-47
6.770336e+02 1.809341e-47
6.785948e+02 1.813054e-47
6.801597e+02 1.816790e-47
6.817281e+02 1.820549e-47
6.833002e+02 1.824332e-47
6.848759e+02 1.828137e-47
6.864552e+02 1.831966e-47
6.880382e+02 1.835818e-47
6.896248e+02 1.839693e-47
6.912151e+02 1.843592e-47
6.928090e+02 1.847515e-47
6.944067e+02 1.851461e-47
6.960080e+02 1.855431e-47
6.976130e+02 1.859425e-47
6.992217e+02 1.863444e-47
7.008341e+02 1.867486e-47
7.024502e+02 1.871553e-47
7.040701e+02 1.875643e-47
7.056936e+02 1.879759e-47
7.073210e+02 1.883899e-47
7.089521e+02 1.888063e-47
7.105869e+02 1.892252e-47
7.122255e+02 1.896466e-47
7.138679e+02 1.900705e-47
7.155141e+02 1.904969e-47
7.171641e+02 1.909259e-47
7.188179e+02 1.913573e-47
7.204755e+02 1.917913e-47
7.221369e+02 1.922278e-47
7.238022e+02 1.926669e-47
7.254713e+02 1.931085e-47
7.271442e+02 1.935528e-47
7.288210e+02 1.939996e-47
7.305017e+02 1.944490e-47
7.321862e+02 1.949010e-47
7.338746e+02 1.953557e-47
7.355670e+02 1.958130e-47
7.372632e+02 1.962729e-47
7.389633e+02 1.967355e-47
7.406674e+02 1.972007e-47
7.423754e+02 1.976686e-47
7.440873e+02 1.981392e-47
7.458031e+02 1.986126e-47
7.475230e+02 1.990886e-47
7.492468e+02 1.995673e-47
7.509745e+02 2.000488e-47
7.527063e+02 2.005330e-47
7.544420e+02 2.010200e-47
7.561818e+02 2.015097e-47
7.579255e+02 2.020022e-47
7.596733e+02 2.024976e-47
7.614251e+02 2.029957e-47
7.631810e+02 2.034966e-47
7.649409e+02 2.040004e-47
7.667048e+02 2.045070e-47
7.684729e+02 2.050164e-47
7.702450e+02 2.055287e-47
7.720212e+02 2.060439e-47
7.738015e+02 2.065620e-47
7.755859e+02 2.070830e-47
7.773744e+02 2.076068e-47
7.791670e+02 2.081337e-47
7.809638e+02 2.086634e-47
7.827647e+02 2.091961e-47
7.845697e+02 2.097318e-47
7.863790e+02 2.102704e-47
7.881923e+02 2.108120e-47
7.900099e+02 2.113567e-47
7.918317e+02 2.119043e-47
7.936577e+02 2.124550e-47
7.954878e+02 2.130087e-47
7.973222e+02 2.135654e-47
7.991609e+02 2.141253e-47
8.010037e+02 2.146882e-47
8.028509e+02 2.152542e-47
8.047022e+02 2.158233e-47
8.065579e+02 2.163956e-47
8.084178e+02 2.169710e-47
8.102820e+02 2.175495e-47
8.121506e+02 2.181312e-47
8.140234e+02 2.187161e-47
8.159005e+02 2.193042e-47
8.177820e+02 2.198955e-47
8.196678e+02 2.204901e-47
8.215580e+02 2.210879e-47
8.234525e+02 2.216890e-47
8.253514e+02 2.222934e-47
8.272546e+02 2.229011e-47
8.291623e+02 2.235121e-47
8.310743e+02 2.241266e-47
8.329908e+02 2.247445e-47
8.349117e+02 2.253659e-47
8.368370e+02 2.259909e-47
8.387668e+02 2.266195e-47
8.407010e+02 2.272520e-47
8.426396e+02 2.278886e-47
8.445828e+02 2.285298e-47
8.465304e+02 2.291764e-47
8.484825e+02 2.298300e-47
8.504391e+02 2.304945e-47
8.524002e+02 2.311808e-47
8.543659e+02 2.319300e-47
8.563360e+02 2.330268e-47
8.583107e+02 2.692076e-47
8.602900e+02 2.348285e-47
8.622739e+02 2.346312e-47
8.642623e+02 2.351702e-47
8.662553e+02 2.358024e-47
8.682528e+02 2.364623e-47
8.702550e+02 2.371349e-47
8.722619e+02 2.378153e-47
8.742733e+02 2.385015e-47
8.762894e+02 2.391927e-47
8.783101e+02 2.398882e-47
8.803355e+02 2.405879e-47
8.823656e+02 2.412916e-47
8.844003e+02 2.419992e-47
8.864397e+02 2.427107e-47
8.884839e+02 2.434261e-47
8.905327e+02 2.441454e-47
8.925863e+02 2.448684e-47
8.946446e+02 2.455953e-47
8.967077e+02 2.463260e-47
8.987755e+02 2.470606e-47
9.008481e+02 2.477991e-47
9.029254e+02 2.485414e-47
9.050076e+02 2.492876e-47
9.070945e+02 2.500377e-47
9.091863e+02 2.507918e-47
9.112829e+02 2.515497e-47
9.133843e+02 2.523116e-47
9.154906e+02 2.530775e-47
9.176017e+02 2.538473e-47
9.197177e+02 2.546211e-47
9.218386e+02 2.553989e-47
9.239644e+02 2.561808e-47
9.260950e+02 2.569667e-47
9.282306e+02 2.577566e-47
9.303711e+02 2.585507e-47
9.325166e+02 2.593488e-47
9.346670e+02 2.601511e-47
9.368223e+02 2.609574e-47
9.389826e+02 2.617679e-47
9.411479e+02 2.625826e-47
9.433182e+02 2.634015e-47
9.454935e+02 2.642246e-47
9.476738e+02 2.650519e-47
9.498592e+02 2.658834e-47
9.520495e+02 2.667192e-47
9.542450e+02 2.675593e-47
9.564455e+02 2.684037e-47
9.586511e+02 2.692523e-47
9.608617e+02 2.701054e-47
9.630775e+02 2.709627e-47
9.652983e+02 2.718245e-47
9.675243e+02 2.726906e-47
9.697554e+02 2.735611e-47
9.719917e+02 2.744361e-47
9.742331e+02 2.753155e-47
9.764797e+02 2.761994e-47
9.787315e+02 2.770878e-47
9.809884e+02 2.779807e-47
9.832506e+02 2.788781e-47
9.855180e+02 2.797801e-47
9.877906e+02 2.806866e-47
9.900684e+02 2.815977e-47
9.923516e+02 2.825135e-47
9.946399e+02 2.834338e-47
9.969336e+02 2.843589e-47
9.992325e+02 2.852885e-47
1.001537e+03 2.862229e-47
1.003846e+03 2.871620e-47
1.006161e+03 2.881058e-47
1.008481e+03 2.890544e-47
1.010807e+03 2.900077e-47
1.013138e+03 2.909659e-47
1.015474e+03 2.919289e-47
1.017816e+03 2.928967e-47
1.020163e+03 2.938693e-47
1.022515e+03 2.948469e-47
1.024873e+03 2.958293e-47
1.027237e+03 2.968167e-47
1.029606e+03 2.978090e-47
1.031980e+03 2.988063e-47
1.034360e+03 2.998086e-47
1.036745e+03 3.008159e-47
1.039136e+03 3.018282e-47
1.041532e+03 3.028456e-47
1.043934e+03 3.038681e-47
1.046341e+03 3.048957e-47
1.048754e+03 3.059284e-47
1.051172e+03 3.069662e-47
1.053596e+03 3.080093e-47
1.056026e+03 3.090575e-47
1.058461e+03 3.101109e-47
1.060902e+03 3.111696e-47
1.063348e+03 3.122336e-47
1.065800e+03 3.133028e-47
1.068258e+03 3.143774e-47
1.070722e+03 3.154573e-47
1.073191e+03 3.165425e-47
1.075666e+03 3.176332e-47
1.078146e+03 3.187292e-47
1.080632e+03 3.198307e-47
1.083124e+03 3.209376e-47
1.085622e+03 3.220500e-47
1.088125e+03 3.231680e-47
1.090634e+03 3.242914e-47
1.093149e+03 3.254204e-47
1.095670e+03 3.265550e-47
1.098197e+03 3.276952e-47
1.100729e+03 3.288410e-47
1.103268e+03 3.299925e-47
1.105812e+03 3.311497e-47
1.108362e+03 3.323125e-47
1.110918e+03 3.334811e-47
1.113479e+03 3.346555e-47
1.116047e+03 3.358356e-47
1.118621e+03 3.370216e-47
1.121200e+03 3.382134e-47
1.123786e+03 3.394110e-47
1.126377e+03 3.406145e-47
1.128975e+03 3.418240e-47
1.131578e+03 3.430394e-47
1.134188e+03 3.442607e-47
1.136803e+03 3.454881e-47
1.139425e+03 3.467215e-47
1.142052e+03 3.479609e-47
1.144686e+03 3.492064e-47
1.147325e+03 3.504580e-47
1.149971e+03 3.517158e-47
1.152623e+03 3.529797e-47
1.155281e+03 3.542498e-47
1.157945e+03 3.555261e-47
1.160615e+03 3.568086e-47
1.163292e+03 3.580974e-47
1.165974e+03 3.593926e-47
1.168663e+03 3.606940e-47
1.171358e+03 3.620018e-47
1.174059e+03 3.633160e-47
1.176766e+03 3.646366e-47
1.179480e+03 3.659637e-47
1.182200e+03 3.672972e-47
1.184926e+03 3.686373e-47
1.187659e+03 3.699839e-47
1.190397e+03 3.713370e-47
1.193142e+03 3.726968e-47
1.195894e+03 3.740632e-47
1.198651e+03 3.754363e-47
1.201416e+03 3.768161e-47
1.204186e+03 3.782027e-47
1.206963e+03 3.795960e-47
1.209746e+03 3.809962e-47
1.212536e+03 3.824033e-47
1.215332e+03 3.838175e-47
1.218134e+03 3.852388e-47
1.220944e+03 3.866674e-47
1.223759e+03 3.881037e-47
1.226581e+03 3.895484e-47
1.229409e+03 3.910032e-47
1.232245e+03 3.924727e-47
1.235086e+03 3.939760e-47
1.237934e+03 3.956702e-47
1.240789e+03 1.275204e-46
1.243650e+03 3.986011e-47
1.246518e+03 3.998888e-47
1.249392e+03 4.013486e-47
1.252274e+03 4.028404e-47
1.255161e+03 4.043466e-47
1.258056e+03 4.058629e-47
1.260957e+03 4.073879e-47
1.263865e+03 4.089210e-47
1.266779e+03 4.104619e-47
1.269700e+03 4.120105e-47
1.272628e+03 4.135667e-47
1.275563e+03 4.151306e-47
1.278504e+03 4.167020e-47
1.281453e+03 4.182811e-47
1.284408e+03 4.198679e-47
1.287370e+03 4.214623e-47
1.290338e+03 4.230645e-47
1.293314e+03 4.246743e-47
1.296296e+03 4.262920e-47
1.299285e+03 4.279174e-47
1.302282e+03 4.295506e-47
1.305285e+03 4.311918e-47
1.308295e+03 4.328408e-47
1.311312e+03 4.344977e-47
1.314335e+03 4.361626e-47
1.317366e+03 4.378356e-47
1.320404e+03 4.395165e-47
1.323449e+03 4.412056e-47
1.326501e+03 4.429027e-47
1.329560e+03 4.446080e-47
1.332626e+03 4.463215e-47
1.335699e+03 4.480432e-47
1.338779e+03 4.497731e-47
1.341866e+03 4.515114e-47
1.344961e+03 4.532580e-47
1.348062e+03 4.550129e-47
1.351171e+03 4.567763e-47
1.354287e+03 4.585481e-47
1.357410e+03 4.603284e-47
1.360540e+03 4.621172e-47
1.363677e+03 4.639146e-47
1.366822e+03 4.657206e-47
1.369974e+03 4.675352e-47
1.373133e+03 4.693585e-47
1.376299e+03 4.711905e-47
1.379473e+03 4.730313e-47
1.382654e+03 4.748809e-47
1.385843e+03 4.767393e-47
1.389038e+03 4.786066e-47
1.392242e+03 4.804828e-47
1.395452e+03 4.823680e-47
1.398670e+03 4.842621e-47
1.401895e+03 4.861654e-47
1.405128e+03 4.880777e-47
1.408368e+03 4.899991e-47
1.411616e+03 4.919297e-47
1.414871e+03 4.938695e-47
1.418134e+03 4.958185e-47
1.421404e+03 4.977768e-47
1.424682e+03 4.997445e-47
1.427967e+03 5.017216e-47
1.431260e+03 5.037080e-47
1.434561e+03 5.057039e-47
1.437869e+03 5.077094e-47
1.441185e+03 5.097244e-47
1.444508e+03 5.117489e-47
1.447839e+03 5.137831e-47
1.451178e+03 5.158270e-47
1.454524e+03 5.178806e-47
1.457878e+03 5.199440e-47
1.461240e+03 5.220172e-47
1.464610e+03 5.241002e-47
1.467987e+03 5.261932e-47
1.471372e+03 5.282961e-47
1.474765e+03 5.304090e-47
1.478166e+03 5.325319e-47
1.481575e+03 5.346649e-47
1.484991e+03 5.368081e-47
1.488416e+03 5.389614e-47
1.491848e+03 5.411250e-47
1.495288e+03 5.432988e-47
1.498736e+03 5.454829e-47
1.502193e+03 5.476775e-47
1.505657e+03 5.498824e-47
1.509129e+03 5.520978e-47
1.512609e+03 5.543237e-47
1.516097e+03 5.565601e-47
1.519593e+03 5.588072e-47
1.523097e+03 5.610650e-47
1.526609e+03 5.633334e-47
1.530130e+03 5.656127e-47
1.533658e+03 5.679027e-47
1.537195e+03 5.702037e-47
1.540740e+03 5.725156e-47
1.544293e+03 5.748386e-47
1.547854e+03 5.771727e-47
1.551423e+03 5.795181e-47
1.555001e+03 5.818751e-47
1.558586e+03 5.842440e-47
1.562181e+03 5.866260e-47
1.565783e+03 5.890241e-47
1.569394e+03 5.914523e-47
1.573013e+03 5.940629e-47
1.576640e+03 5.989657e-47
1.580276e+03 5.987699e-47
1.583920e+03 6.011504e-47
1.587572e+03 6.035933e-47
1.591234e+03 6.060571e-47
1.594903e+03 6.085356e-47
1.598581e+03 6.110270e-47
1.602267e+03 6.135307e-47
1.605962e+03 6.160467e-47
1.609665e+03 6.185746e-47
1.613377e+03 6.211147e-47
1.617098e+03 6.236668e-47
1.620827e+03 6.262310e-47
1.624564e+03 6.288073e-47
1.628311e+03 6.313959e-47
1.632065e+03 6.339966e-47
1.635829e+03 6.366097e-47
1.639601e+03 6.392351e-47
1.643382e+03 6.418728e-47
1.647172e+03 6.445231e-47
1.650970e+03 6.471858e-47
1.654777e+03 6.498611e-47
1.658593e+03 6.525490e-47
1.662418e+03 6.552495e-47
1.666252e+03 6.579628e-47
1.670094e+03 6.606889e-47
1.673945e+03 6.634278e-47
1.677805e+03 6.661796e-47
1.681674e+03 6.689444e-47
1.685552e+03 6.717222e-47
1.689439e+03 6.745131e-47
1.693335e+03 6.773171e-47
1.697240e+03 6.801344e-47
1.701154e+03 6.829648e-47
1.705077e+03 6.858087e-47
1.709009e+03 6.886658e-47
1.712950e+03 6.915365e-47
1.716900e+03 6.944206e-47
1.720859e+03 6.973183e-47
1.724827e+03 7.002297e-47
1.728805e+03 7.031547e-47
1.732791e+03 7.060935e-47
1.736787e+03 7.090461e-47
1.740792e+03 7.120125e-47
1.744806e+03 7.149930e-47
1.748830e+03 7.179874e-47
1.752863e+03 7.209959e-47
1.756905e+03 7.240186e-47
1.760956e+03 7.270554e-47
1.765017e+03 7.301065e-47
1.769087e+03 7.331720e-47
1.773167e+03 7.362518e-47
1.777256e+03 7.393461e-47
1.781354e+03 7.424550e-47
1.785462e+03 7.455784e-47
1.789579e+03 7.487165e-47
1.793706e+03 7.518693e-47
1.797842e+03 7.550370e-47
1.801988e+03 7.582195e-47
1.806143e+03 7.614169e-47
1.810309e+03 7.646293e-47
1.814483e+03 7.678569e-47
1.818667e+03 7.710995e-47
1.822861e+03 7.743574e-47
1.827065e+03 7.776306e-47
1.831278e+03 7.809191e-47
1.835501e+03 7.842230e-47
1.839734e+03 7.875425e-47
1.843976e+03 7.908775e-47
1.848228e+03 7.942281e-47
1.852490e+03 7.975945e-47
1.856762e+03 8.009767e-47
1.861044e+03 8.043748e-47
1.865335e+03 8.077889e-47
1.869637e+03 8.112191e-47
1.873948e+03 8.146655e-47
1.878270e+03 8.181284e-47
1.882601e+03 8.216084e-47
1.886942e+03 8.251070e-47
1.891293e+03 8.286320e-47
1.895655e+03 8.323146e-47
1.900026e+03 8.359433e-47
1.904408e+03 8.392668e-47
1.908799e+03 8.428275e-47
1.913201e+03 8.464171e-47
1.917613e+03 8.500260e-47
1.922035e+03 8.536528e-47
1.926467e+03 8.572970e-47
1.930909e+03 8.609583e-47
1.935362e+03 8.646370e-47
1.939825e+03 8.683329e-47
1.944298e+03 8.720461e-47
1.948782e+03 8.757767e-47
1.953276e+03 8.795248e-47
1.957780e+03 8.832905e-47
1.962295e+03 8.870738e-47
1.966820e+03 8.908748e-47
1.971355e+03 8.946935e-47
1.975901e+03 8.985302e-47
1.980458e+03 9.023847e-47
1.985025e+03 9.062573e-47
1.989602e+03 9.101480e-47
1.994190e+03 9.140569e-47
1.998789e+03 9.179841e-47
2.003398e+03 9.219296e-47
2.008018e+03 9.258936e-47
2.012648e+03 9.298761e-47
2.017290e+03 9.338772e-47
2.021941e+03 9.378970e-47
2.026604e+03 9.419356e-47
2.031277e+03 9.459931e-47
2.035962e+03 9.500695e-47
2.040657e+03 9.541650e-47
2.045362e+03 9.582796e-47
2.050079e+03 9.624134e-47
2.054807e+03 9.665665e-47
2.059545e+03 9.707390e-47
2.064294e+03 9.749310e-47
2.069055e+03 9.791426e-47
2.073826e+03 9.833738e-47
2.078608e+03 9.876248e-47
2.083401e+03 9.918956e-47
2.088206e+03 9.961864e-47
2.093021e+03 1.000497e-46
2.097847e+03 1.004828e-46
2.102685e+03 1.009179e-46
2.107534e+03 1.013551e-46
2.112394e+03 1.017943e-46
2.117265e+03 1.022355e-46
2.122148e+03 1.026788e-46
2.127041e+03 1.031241e-46
2.131946e+03 1.035716e-46
2.136863e+03 1.040211e-46
2.141790e+03 1.044727e-46
2.146729e+03 1.049265e-46
2.151680e+03 1.053823e-46
2.156641e+03 1.058403e-46
2.161615e+03 1.063004e-46
2.166599e+03 1.067627e-46
2.171595e+03 1.072271e-46
2.176603e+03 1.076936e-46
2.181622e+03 1.081624e-46
2.186653e+03 1.086333e-46
2.191696e+03 1.091065e-46
2.196750e+03 1.095818e-46
2.201816e+03 1.100594e-46
2.206893e+03 1.105392e-46
2.211982e+03 1.110212e-46
2.217083e+03 1.115054e-46
2.222195e+03 1.119920e-46
2.227320e+03 1.124808e-46
2.232456e+03 1.129719e-46
2.237604e+03 1.134653e-46
2.242764e+03 1.139610e-46
2.247936e+03 1.144592e-46
2.253120e+03 1.149615e-46
2.258315e+03 1.154800e-46
2.263523e+03 1.159675e-46
2.268743e+03 1.164742e-46
2.273974e+03 1.169837e-46
2.279218e+03 1.174957e-46
2.284474e+03 1.180101e-46
2.289742e+03 1.185269e-46
2.295022e+03 1.190462e-46
2.300315e+03 1.195678e-46
2.305619e+03 1.200919e-46
2.310936e+03 1.206184e-46
2.316265e+03 1.211474e-46
2.321606e+03 1.216788e-46
2.326960e+03 1.222127e-46
2.332326e+03 1.227491e-46
2.337704e+03 1.232880e-46
2.343095e+03 1.238294e-46
2.348498e+03 1.243733e-46
2.353914e+03 1.249198e-46
2.359342e+03 1.254688e-46
2.364783e+03 1.260203e-46
2.370236e+03 1.265744e-46
2.375702e+03 1.271311e-46
2.381180e+03 1.276904e-46
2.386671e+03 1.282523e-46
2.392175e+03 1.288168e-46
2.397691e+03 1.293840e-46
2.403220e+03 1.299538e-46
2.408762e+03 1.305262e-46
2.414317e+03 1.311012e-46
2.419884e+03 1.316790e-46
2.425465e+03 1.322595e-46
2.431058e+03 1.328426e-46
2.436664e+03 1.334285e-46
2.442283e+03 1.340171e-46
2.447915e+03 1.346084e-46
2.453559e+03 1.352025e-46
2.459218e+03 1.357993e-46
2.464888e+03 1.363989e-46
2.470573e+03 1.370013e-46
2.476270e+03 1.376065e-46
2.481980e+03 1.382145e-46
2.487703e+03 1.388254e-46
2.493440e+03 1.394391e-46
2.499190e+03 1.400556e-46
2.504953e+03 1.406750e-46
2.510729e+03 1.412973e-46
2.516519e+03 1.419225e-46
2.522322e+03 1.425506e-46
2.528139e+03 1.431816e-46
2.533969e+03 1.438155e-46
2.539812e+03 1.444524e-46
2.545669e+03 1.450923e-46
2.551539e+03 1.457351e-46
2.557423e+03 1.463809e-46
2.563321e+03 1.470297e-46
2.569232e+03 1.476815e-46
2.575156e+03 1.483364e-46
2.581095e+03 1.489943e-46
2.587047e+03 1.496552e-46
2.593012e+03 1.503193e-46
2.598992e+03 1.509864e-46
2.604985e+03 1.516566e-46
2.610992e+03 1.523299e-46
2.617013e+03 1.530064e-46
2.623048e+03 1.536860e-46
2.629097e+03 1.543687e-46
2.635160e+03 1.550547e-46
2.641236e+03 1.557438e-46
2.647327e+03 1.564362e-46
2.653432e+03 1.571318e-46
2.659551e+03 1.578316e-46
2.665684e+03 1.585337e-46
2.671831e+03 1.592378e-46
2.677992e+03 1.599463e-46
2.684167e+03 1.606581e-46
2.690357e+03 1.613732e-46
2.696561e+03 1.620917e-46
2.702779e+03 1.628135e-46
2.709012e+03 1.635386e-46
2.715259e+03 1.642672e-46
2.721521e+03 1.649991e-46
2.727796e+03 1.657344e-46
2.734087e+03 1.664731e-46
2.740392e+03 1.672152e-46
2.746711e+03 1.679608e-46
2.753045e+03 1.687099e-46
2.759393e+03 1.694624e-46
2.765756e+03 1.702185e-46
2.772134e+03 1.709780e-46
2.778527e+03 1.717411e-46
2.784934e+03 1.725077e-46
2.791356e+03 1.732778e-46
2.797793e+03 1.740516e-46
2.804245e+03 1.748289e-46
2.810711e+03 1.756099e-46
2.817193e+03 1.763945e-46
2.823689e+03 1.771829e-46
2.830201e+03 1.779749e-46
2.836727e+03 1.787706e-46
2.843269e+03 1.795700e-46
2.849825e+03 1.803731e-46
2.856397e+03 1.811799e-46
2.862984e+03 1.819905e-46
2.869586e+03 1.828049e-46
2.876204e+03 1.836230e-46
2.882836e+03 1.844449e-46
2.889484e+03 1.852706e-46
2.896147e+03 1.861002e-46
2.902826e+03 1.869336e-46
2.909519e+03 1.877709e-46
2.916229e+03 1.886120e-46
2.922954e+03 1.894571e-46
2.929694e+03 1.903061e-46
2.936450e+03 1.911590e-46
2.943222e+03 1.920159e-46
2.950008e+03 1.928768e-46
2.956811e+03 1.937416e-46
2.963630e+03 1.946105e-46
2.970464e+03 1.954834e-46
2.977314e+03 1.963603e-46
2.984180e+03 1.972414e-46
2.991061e+03 1.981266e-46
2.997958e+03 1.990165e-46
3.004872e+03 1.999106e-46
3.011801e+03 2.008087e-46
3.018746e+03 2.017111e-46
3.025707e+03 2.026176e-46
3.032685e+03 2.035284e-46
3.039678e+03 2.044434e-46
3.046688e+03 2.053625e-46
3.053713e+03 2.062860e-46
3.060755e+03 2.072138e-46
3.067813e+03 2.081458e-46
3.074888e+03 2.090822e-46
3.081979e+03 2.100229e-46
3.089086e+03 2.109681e-46
3.096209e+03 2.120058e-46
3.103349e+03 2.128714e-46
3.110505e+03 2.138296e-46
3.117678e+03 2.147923e-46
3.124867e+03 2.157595e-46
3.132073e+03 2.167311e-46
3.139296e+03 2.177073e-46
3.146535e+03 2.186880e-46
3.153791e+03 2.196732e-46
3.161064e+03 2.206630e-46
3.168353e+03 2.216574e-46
3.175660e+03 2.226564e-46
3.182983e+03 2.236601e-46
3.190323e+03 2.246684e-46
3.197680e+03 2.256813e-46
3.205053e+03 2.266989e-46
3.212444e+03 2.277213e-46
3.219852e+03 2.287484e-46
3.227277e+03 2.297803e-46
3.234719e+03 2.308169e-46
3.242179e+03 2.318584e-46
3.249655e+03 2.329047e-46
3.257149e+03 2.339558e-46
3.264660e+03 2.350118e-46
3.272188e+03 2.360727e-46
3.279734e+03 2.371385e-46
3.287297e+03 2.382093e-46
3.294878e+03 2.392849e-46
3.302476e+03 2.403656e-46
3.310091e+03 2.414514e-46
3.317724e+03 2.425421e-46
3.325375e+03 2.436379e-46
3.333043e+03 2.447387e-46
3.340729e+03 2.458447e-46
3.348433e+03 2.469558e-46
3.356155e+03 2.480720e-46
3.363894e+03 2.491934e-46
3.371651e+03 2.503200e-46
3.379426e+03 2.514519e-46
3.387219e+03 2.525889e-46
3.395030e+03 2.537313e-46
3.402859e+03 2.548789e-46
3.410706e+03 2.560318e-46
3.418571e+03 2.571901e-46
3.426454e+03 2.583538e-46
3.434356e+03 2.595228e-46
3.442275e+03 2.606973e-46
3.450213e+03 2.618772e-46
3.458169e+03 2.630625e-46
3.466144e+03 2.642534e-46
3.474137e+03 2.654498e-46
3.482148e+03 2.666517e-46
3.490178e+03 2.678592e-46
3.498227e+03 2.690723e-46
3.506294e+03 2.702910e-46
3.514379e+03 2.715153e-46
3.522483e+03 2.727453e-46
3.530606e+03 2.739811e-46
3.538748e+03 2.752255e-46
3.546908e+03 2.764697e-46
3.555087e+03 2.777226e-46
3.563285e+03 2.789814e-46
3.571502e+03 2.802459e-46
3.579738e+03 2.815164e-46
3.587993e+03 2.827928e-46
3.596267e+03 2.840750e-46
3.604560e+03 2.853632e-46
3.612872e+03 2.866574e-46
3.621204e+03 2.879575e-46
3.629554e+03 2.892637e-46
3.637924e+03 2.905759e-46
3.646313e+03 2.918942e-46
3.654722e+03 2.932186e-46
3.663149e+03 2.945491e-46
3.671597e+03 2.958859e-46
3.680063e+03 2.972288e-46
3.688550e+03 2.985779e-46
3.697055e+03 2.999332e-46
3.705581e+03 3.012949e-46
3.714126e+03 3.026628e-46
3.722691e+03 3.040371e-46
3.731275e+03 3.054177e-46
3.739880e+03 3.068051e-46
3.748504e+03 3.081992e-46
3.757148e+03 3.095996e-46
3.765812e+03 3.110066e-46
3.774496e+03 3.124201e-46
3.783200e+03 3.138401e-46
3.791924e+03 3.152667e-46
3.800668e+03 3.166999e-46
3.809432e+03 3.181397e-46
3.818217e+03 3.195862e-46
3.827022e+03 3.210394e-46
3.835847e+03 3.224993e-46
3.844693e+03 3.239660e-46
3.853559e+03 3.254395e-46
3.862445e+03 3.269197e-46
3.871352e+03 3.284069e-46
3.880279e+03 3.299009e-46
3.889227e+03 3.314019e-46
3.898195e+03 3.329098e-46
3.907185e+03 3.344247e-46
3.916195e+03 3.359466e-46
3.925226e+03 3.374755e-46
3.934277e+03 3.390115e-46
3.943350e+03 3.405547e-46
3.952443e+03 3.421049e-46
3.961557e+03 3.436624e-46
3.970693e+03 3.452271e-46
3.979849e+03 3.468019e-46
3.989027e+03 3.483782e-46
3.998226e+03 3.499646e-46
4.007445e+03 3.515585e-46
4.016687e+03 3.531597e-46
4.025949e+03 3.547683e-46
4.035233e+03 3.563844e-46
4.044538e+03 3.580080e-46
4.053865e+03 3.596391e-46
4.063213e+03 3.612777e-46
4.072583e+03 3.629239e-46
4.081974e+03 3.645777e-46
4.091388e+03 3.662392e-46
4.100822e+03 3.679084e-46
4.110279e+03 3.695853e-46
4.119757e+03 3.712700e-46
4.129257e+03 3.729625e-46
4.138779e+03 3.746628e-46
4.148324e+03 3.763710e-46
4.157890e+03 3.780871e-46
4.167478e+03 3.798111e-46
4.177088e+03 3.815431e-46
4.186720e+03 3.832832e-46
4.196375e+03 3.850312e-46
4.206052e+03 3.867874e-46
4.215751e+03 3.885517e-46
4.225473e+03 3.903242e-46
4.235217e+03 3.921049e-46
4.244983e+03 3.938938e-46
4.254772e+03 3.956911e-46
4.264583e+03 3.974966e-46
4.274418e+03 3.993105e-46
4.284275e+03 4.011328e-46
4.294154e+03 4.029635e-46
4.304056e+03 4.048027e-46
4.313982e+03 4.066504e-46
4.323930e+03 4.085067e-46
4.333901e+03 4.103715e-46
4.343895e+03 4.122450e-46
4.353912e+03 4.141272e-46
4.363952e+03 4.160181e-46
4.374015e+03 4.179177e-46
4.384102e+03 4.198262e-46
4.394212e+03 4.217438e-46
4.404345e+03 4.236697e-46
4.414501e+03 4.256046e-46
4.424681e+03 4.275486e-46
4.434884e+03 4.295016e-46
4.445111e+03 4.314637e-46
4.455362e+03 4.334348e-46
4.465636e+03 4.354151e-46
4.475934e+03 4.374045e-46
4.486255e+03 4.394031e-46
4.496600e+03 4.414111e-46
4.506970e+03 4.434282e-46
4.517363e+03 4.454548e-46
4.527780e+03 4.474907e-46
4.538221e+03 4.495360e-46
4.548686e+03 4.515908e-46
4.559175e+03 4.536551e-46
4.569689e+03 4.557290e-46
4.580227e+03 4.578124e-46
4.590789e+03 4.599056e-46
4.601375e+03 4.620084e-46
4.611986e+03 4.641209e-46
4.622621e+03 4.662432e-46
4.633281e+03 4.683754e-46
4.643965e+03 4.705174e-46
4.654674e+03 4.726693e-46
4.665408e+03 4.748313e-46
4.676167e+03 4.770031e-46
4.686950e+03 4.791851e-46
4.697758e+03 4.813772e-46
4.708591e+03 4.835794e-46
4.719449e+03 4.857918e-46
4.730332e+03 4.880144e-46
4.741240e+03 4.902474e-46
4.752174e+03 4.924906e-46
4.763132e+03 4.947443e-46
4.774116e+03 4.970085e-46
4.785125e+03 4.992840e-46
4.796160e+03 5.015681e-46
4.807220e+03 5.038638e-46
4.818305e+03 5.061700e-46
4.829416e+03 5.084870e-46
4.840553e+03 5.108147e-46
4.851715e+03 5.131532e-46
4.862903e+03 5.155026e-46
4.874117e+03 5.178628e-46
4.885357e+03 5.202339e-46
4.896623e+03 5.226160e-46
4.907914e+03 5.250091e-46
4.919232e+03 5.274133e-46
4.930576e+03 5.298287e-46
4.941946e+03 5.322552e-46
4.953342e+03 5.346930e-46
4.964764e+03 5.371420e-46
4.976213e+03 5.396024e-46
4.987688e+03 5.420742e-46
4.999190e+03 5.445574e-46
5.010718e+03 5.470521e-46
5.022273e+03 5.495584e-46
5.033854e+03 5.520762e-46
5.045462e+03 5.546057e-46
5.057097e+03 5.571470e-46
5.068759e+03 5.597000e-46
5.080448e+03 5.622648e-46
5.092163e+03 5.648415e-46
5.103906e+03 5.674302e-46
5.115675e+03 5.700308e-46
5.127472e+03 5.726445e-46
5.139296e+03 5.752683e-46
5.151147e+03 5.779051e-46
5.163026e+03 5.805542e-46
5.174932e+03 5.832156e-46
5.186865e+03 5.858893e-46
5.198826e+03 5.885754e-46
5.210815e+03 5.912739e-46
5.222831e+03 5.939850e-46
5.234875e+03 5.967085e-46
5.246947e+03 5.994447e-46
5.259046e+03 6.021936e-46
5.271173e+03 6.049551e-46
5.283329e+03 6.077295e-46
5.295512e+03 6.105167e-46
5.307724e+03 6.133169e-46
5.319963e+03 6.161299e-46
5.332231e+03 6.189561e-46
5.344527e+03 6.217953e-46
5.356852e+03 6.246476e-46
5.369205e+03 6.275132e-46
5.381586e+03 6.303920e-46
5.393996e+03 6.332842e-46
5.406435e+03 6.361897e-46
5.418902e+03 6.391087e-46
5.431398e+03 6.420413e-46
5.443923e+03 6.449874e-46
5.456477e+03 6.479471e-46
5.469059e+03 6.509209e-46
5.481671e+03 6.539080e-46
5.494312e+03 6.569089e-46
5.506982e+03 6.599238e-46
5.519681e+03 6.629528e-46
5.532409e+03 6.659957e-46
5.545167e+03 6.690527e-46
5.557954e+03 6.721239e-46
5.570771e+03 6.752094e-46
5.583617e+03 6.783091e-46
5.596493e+03 6.814231e-46
5.609399e+03 6.845517e-46
5.622334e+03 6.876946e-46
5.635299e+03 6.908522e-46
5.648294e+03 6.940243e-46
5.661319e+03 6.972112e-46
5.674374e+03 7.004128e-46
5.687459e+03 7.036292e-46
5.700575e+03 7.068605e-46
5.713720e+03 7.101068e-46
5.726896e+03 7.133682e-46
5.740102e+03 7.166447e-46
5.753339e+03 7.199363e-46
5.766606e+03 7.232431e-46
5.779904e+03 7.265653e-46
5.793233e+03 7.299029e-46
5.806592e+03 7.332559e-46
5.819982e+03 7.366245e-46
5.833403e+03 7.400087e-46
5.846855e+03 7.434091e-46
5.860338e+03 7.468241e-46
5.873852e+03 7.502555e-46
5.887397e+03 7.537028e-46
5.900973e+03 7.571661e-46
5.914581e+03 7.606454e-46
5.928220e+03 7.641409e-46
5.941891e+03 7.676525e-46
5.955592e+03 7.711804e-46
5.969326e+03 7.747247e-46
5.983092e+03 7.782853e-46
5.996889e+03 7.818624e-46
6.010717e+03 7.854562e-46
6.024578e+03 7.890665e-46
6.038471e+03 7.926937e-46
6.052396e+03 7.963376e-46
6.066352e+03 7.999983e-46
6.080342e+03 8.036761e-46
6.094363e+03 8.073709e-46
6.108417e+03 8.110828e-46
6.122503e+03 8.148119e-46
6.136621e+03 8.185582e-46
6.150772e+03 8.223220e-46
6.164956e+03 8.261032e-46
6.179172e+03 8.299018e-46
6.193422e+03 8.337182e-46
6.207704e+03 8.375521e-46
6.222019e+03 8.414039e-46
6.236367e+03 8.452735e-46
6.250748e+03 8.491610e-46
6.265162e+03 8.530676e-46
6.279610e+03 8.569901e-46
6.294090e+03 8.609320e-46
6.308605e+03 8.648920e-46
6.323152e+03 8.688704e-46
6.337734e+03 8.728673e-46
6.352348e+03 8.768827e-46
6.366997e+03 8.809166e-46
6.381679e+03 8.849693e-46
6.396395e+03 8.890408e-46
6.411146e+03 8.931312e-46
6.425930e+03 8.972404e-46
6.440748e+03 9.013688e-46
6.455600e+03 9.055162e-46
6.470487e+03 9.096829e-46
6.485408e+03 9.138689e-46
6.500364e+03 9.180742e-46
6.515353e+03 9.222991e-46
6.530378e+03 9.265436e-46
6.545437e+03 9.308077e-46
6.560531e+03 9.350916e-46
6.575659e+03 9.393954e-46
6.590823e+03 9.437191e-46
6.606021e+03 9.480628e-46
6.621255e+03 9.524267e-46
6.636524e+03 9.568108e-46
6.651828e+03 9.612152e-46
6.667167e+03 9.656400e-46
6.682541e+03 9.700854e-46
6.697951e+03 9.745513e-46
6.713397e+03 9.790380e-46
6.728878e+03 9.835454e-46
6.744395e+03 9.880738e-46
6.759947e+03 9.926231e-46
6.775536e+03 9.971935e-46
6.791160e+03 1.001785e-45
6.806821e+03 1.006398e-45
6.822517e+03 1.011032e-45
6.838250e+03 1.015688e-45
6.854019e+03 1.020365e-45
6.869825e+03 1.025064e-45
6.885667e+03 1.029785e-45
6.901545e+03 1.034528e-45
6.917460e+03 1.039293e-45
6.933412e+03 1.044079e-45
6.949400e+03 1.048888e-45
6.965426e+03 1.053720e-45
6.981488e+03 1.058573e-45
6.997587e+03 1.063450e-45
7.013724e+03 1.068348e-45
7.029897e+03 1.073270e-45
7.046108e+03 1.078214e-45
7.062357e+03 1.083182e-45
7.078643e+03 1.088172e-45
7.094966e+03 1.093185e-45
7.111327e+03 1.098222e-45
7.127726e+03 1.103282e-45
7.144162e+03 1.108365e-45
7.160637e+03 1.113473e-45
7.177149e+03 1.118603e-45
7.193700e+03 1.123758e-45
7.210289e+03 1.128936e-45
7.226916e+03 1.134139e-45
7.243581e+03 1.139365e-45
7.260285e+03 1.144616e-45
7.277027e+03 1.149891e-45
7.293808e+03 1.155191e-45
7.310627e+03 1.160515e-45
7.327486e+03 1.165864e-45
7.344383e+03 1.171238e-45
7.361319e+03 1.176637e-45
7.378294e+03 1.182060e-45
7.395309e+03 1.187509e-45
7.412363e+03 1.192983e-45
7.429456e+03 1.198483e-45
7.446588e+03 1.204008e-45
7.463760e+03 1.209559e-45
7.480971e+03 1.215135e-45
7.498222e+03 1.220737e-45
7.515513e+03 1.226366e-45
7.532844e+03 1.232020e-45
7.550215e+03 1.237701e-45
7.567626e+03 1.243408e-45
7.585077e+03 1.249141e-45
7.602568e+03 1.254901e-45
7.620100e+03 1.260688e-45
7.637672e+03 1.266502e-45
7.655284e+03 1.272342e-45
7.672937e+03 1.278210e-45
7.690631e+03 1.284105e-45
7.708366e+03 1.290027e-45
7.726141e+03 1.295977e-45
7.743958e+03 1.301954e-45
7.761816e+03 1.307959e-45
7.779714e+03 1.313992e-45
7.797654e+03 1.320053e-45
7.815636e+03 1.326143e-45
7.833659e+03 1.332260e-45
7.851723e+03 1.338406e-45
7.869829e+03 1.344580e-45
7.887977e+03 1.350783e-45
7.906167e+03 1.357015e-45
7.924399e+03 1.363275e-45
7.942672e+03 1.369565e-45
7.960988e+03 1.375884e-45
7.979346e+03 1.382232e-45
7.997747e+03 1.388610e-45
8.016190e+03 1.395017e-45
8.034675e+03 1.401454e-45
8.053203e+03 1.407922e-45
8.071774e+03 1.414418e-45
8.090387e+03 1.420945e-45
8.109044e+03 1.427503e-45
8.127743e+03 1.434090e-45
8.146486e+03 1.440709e-45
8.165272e+03 1.447358e-45
8.184101e+03 1.454038e-45
8.202974e+03 1.460749e-45
8.221890e+03 1.467491e-45
8.240850e+03 1.474265e-45
8.259853e+03 1.481070e-45
8.278900e+03 1.487906e-45
8.297992e+03 1.494775e-45
8.317127e+03 1.501675e-45
8.336306e+03 1.508607e-45
8.355530e+03 1.515572e-45
8.374798e+03 1.522568e-45
8.394110e+03 1.529598e-45
8.413467e+03 1.536659e-45
8.432868e+03 1.543754e-45
8.452315e+03 1.550882e-45
8.471806e+03 1.558043e-45
8.491342e+03 1.565237e-45
8.510923e+03 1.572464e-45
8.530549e+03 1.579725e-45
8.550221e+03 1.587020e-45
8.569938e+03 1.594348e-45
8.589700e+03 1.601711e-45
8.609508e+03 1.609108e-45
8.629361e+03 1.616539e-45
8.649261e+03 1.624005e-45
8.669206e+03 1.631505e-45
8.689197e+03 1.639040e-45
8.709235e+03 1.646611e-45
8.729318e+03 1.654216e-45
8.749448e+03 1.661857e-45
8.769624e+03 1.669533e-45
8.789847e+03 1.677245e-45
8.810117e+03 1.684993e-45
8.830433e+03 1.692777e-45
8.850796e+03 1.700597e-45
8.871206e+03 1.708453e-45
8.891663e+03 1.716346e-45
8.912167e+03 1.724275e-45
8.932719e+03 1.732241e-45
8.953318e+03 1.740245e-45
8.973964e+03 1.748285e-45
8.994658e+03 1.756363e-45
9.015400e+03 1.764479e-45
9.036190e+03 1.772632e-45
9.057027e+03 1.780823e-45
9.077913e+03 1.789052e-45
9.098846e+03 1.797319e-45
9.119828e+03 1.805625e-45
9.140859e+03 1.813970e-45
9.161938e+03 1.822353e-45
9.183065e+03 1.830775e-45
9.204241e+03 1.839236e-45
9.225466e+03 1.847737e-45
9.246740e+03 1.856278e-45
9.268063e+03 1.864857e-45
9.289436e+03 1.873477e-45
9.310857e+03 1.882137e-45
9.332328e+03 1.890837e-45
9.353849e+03 1.899577e-45
9.375418e+03 1.908359e-45
9.397038e+03 1.917181e-45
9.418708e+03 1.926044e-45
9.440428e+03 1.934948e-45
9.462197e+03 1.943894e-45
9.484017e+03 1.952881e-45
9.505887e+03 1.961910e-45
9.527808e+03 1.970981e-45
9.549779e+03 1.980095e-45
9.571801e+03 1.989250e-45
9.593874e+03 1.998449e-45
9.615997e+03 2.007690e-45
9.638172e+03 2.016974e-45
9.660397e+03 2.026301e-45
9.682674e+03 2.035671e-45
9.705003e+03 2.045086e-45
9.727383e+03 2.054544e-45
9.749814e+03 2.064046e-45
9.772297e+03 2.073592e-45
9.794832e+03 2.083182e-45
9.817419e+03 2.092818e-45
9.840058e+03 2.102498e-45
9.862749e+03 2.112223e-45
9.885493e+03 2.121993e-45
9.908289e+03 2.131809e-45
9.931138e+03 2.141671e-45
9.954039e+03 2.151578e-45
9.976993e+03 2.161532e-45
1.000000e+04 2.171531e-45
